1.383251	10006.88	357.8641	357.9148
0.974506	6336.841	148.2527	148.3567
1.110136	7648.683	535.1947	535.2254
0.132782	649.3944	2.481208	4.302323
0.732769	4443.329	174.7893	174.8655
0.789419	5130.264	73.04547	73.23499
1.618349	12825.11	486.2018	486.2417
0.956633	6497.413	179.5394	179.6246
0.522328	3054.607	37.97309	38.26526
1.603816	12520.99	259.4288	259.5034
0.494872	2910.885	50.72982	50.94273
0.627696	3857.495	55.527	55.74775
0.164724	811.5603	5.459735	6.560211
0.592552	3465.597	89.68874	89.82144
0.263364	1356.006	12.43967	13.06257
0.177943	892.9439	3.861998	5.33883
0.419572	2358.133	30.63106	30.95358
0.31181	1680.513	10.37304	11.16936
0.274789	1435.965	12.46206	13.09543
0.130299	634.3577	3.670958	5.075573
0.899882	6411.654	221.6757	221.7426
0.77949	4997.792	198.9887	199.0579
0.32678	1741.79	16.32954	16.85807
0.218129	1113.48	7.953974	8.828499
0.104807	498.8541	2.280958	4.097415
0.905098	6286.697	265.0799	265.1359
0.447676	2588.948	23.57614	24.00779
0.471775	2766.035	46.32362	46.55091
0.743973	4777.031	71.61036	71.79778
0.152232	746.4182	2.435218	4.337807
0.598161	3675.003	94.67001	94.79637
0.548818	3263.091	56.048	56.25163
1.029919	7096.346	202.3039	202.3822
0.908328	6025.016	188.0297	188.1089
0.996201	6978.457	241.8772	241.9417
0.304877	1652.922	18.97768	19.41977
0.34636	1853.037	22.62319	23.01848
1.560351	11751.43	702.2273	702.2545
0.897663	5873.665	233.7358	233.7991
0.375459	2053.677	21.05186	21.49315
0.330774	1774.219	28.04319	28.35602
1.29398	9425.293	586.2449	586.275
0.317283	1719.156	13.50787	14.1336
0.115072	556.8021	4.018598	5.293099
0.389166	2214.353	29.4748	29.79732
0.815691	5231.542	107.4285	107.5597
0.26627	1380.049	30.27384	30.53634
2.758972	24892.8	1358.459	1358.476
1.048954	7086.221	143.7299	143.8412
0.579225	3607.651	106.0457	106.1566
1.054642	7492.68	312.5854	312.6367
0.197145	999.3412	5.020126	6.269879
0.25491	1341.943	9.683995	10.4614
0.712057	4608.717	94.05955	94.19906
0.814124	5133.455	159.5876	159.6759
0.153996	760.2623	2.607186	4.442066
0.955025	6186.704	233.3095	233.3749
0.681985	4231.044	47.62919	47.89793
0.16786	838.6418	4.990951	6.182463
0.495082	2944.848	29.89655	30.2565
0.375449	2079.731	27.3837	27.72439
0.260992	1354.874	38.39709	38.60257
1.917408	14420.45	895.1699	895.1931
0.503782	2981.377	67.85979	68.02061
0.316187	1717.605	16.09303	16.62087
0.881563	5900.631	150.449	150.5465
0.890453	5655.522	144.3672	144.4693
0.274865	1442.724	16.12971	16.62398
0.803748	5168.867	144.2231	144.3201
1.284113	9383.565	302.6614	302.7195
0.365237	2008.719	22.49812	22.90598
1.51075	11588.73	394.322	394.3699
0.087068	407.4077	1.139243	3.520962
0.816453	5597.39	143.5053	143.6036
0.523905	3098.508	42.32371	42.58646
0.751084	4680.074	73.64321	73.82638
0.27872	1494.399	9.485118	10.30816
0.412737	2343.767	35.80355	36.07756
0.702872	4361.015	82.06572	82.22449
1.026345	7020.335	135.3207	135.4376
2.127142	16658.43	828.3569	828.3829
0.771395	5033.937	133.2665	133.3692
0.309242	1644.026	22.10032	22.4836
0.301707	1643.07	12.99542	13.62987
0.904209	6207.622	272.772	272.8264
0.430655	2590.821	59.0211	59.19139
0.364692	2012.313	22.66427	23.0689
0.154262	776.2457	16.06773	16.46553
1.279278	9006.017	328.8246	328.878
1.667785	13149.17	881.8415	881.8638
0.155528	773.1441	3.061397	4.727428
0.534799	3177.133	52.04487	52.26111
0.308421	1655.057	10.20702	11.01136
1.551416	12311.7	493.5838	493.6225
1.506272	11443.74	347.563	347.6173
1.418047	10337.83	614.5713	614.6011
0.833855	5603.712	177.1441	177.2246
0.379797	2114.917	23.19191	23.5955
0.286307	1488.441	30.73558	31.00267
0.249114	1293.323	10.01412	10.76055
0.884708	6224.579	165.5196	165.6084
1.466985	10480.88	884.7188	884.7398
0.22516	1166.043	5.808087	6.971351
0.373935	2063.664	20.0607	20.5224
0.097551	461.8421	1.261369	3.602493
0.448309	2593.738	53.88285	54.07325
1.776251	13956.96	519.9495	519.9883
0.494442	2843.021	91.63867	91.75665
0.397557	2189.651	46.87227	47.07795
0.837299	5440.801	117.4118	117.5335
1.028844	7338.848	169.9102	170.0035
0.230014	1177.685	8.960527	9.761518
0.836072	5465.239	104.3629	104.4997
0.395533	2226.717	22.27668	22.70515
0.575585	3522.085	76.08544	76.23942
1.186958	8572.749	315.2632	315.317
0.990787	6107.306	297.6819	297.7342
0.239671	1244.082	12.27409	12.88053
0.312978	1711.381	37.4638	37.69245
0.208343	1090.102	13.77226	14.28593
0.554266	3330.482	73.59318	73.74919
0.298603	1609.27	20.92901	21.32686
0.145553	709.8323	2.686281	4.463138
0.733557	4710.58	93.11704	93.26018
0.577232	3501.628	45.9152	46.1703
0.00946	41.16544	0.01318906	2.997549
0.745853	4793.939	68.98909	69.18387
0.902773	6014.635	232.369	232.4329
0.259699	1319.638	17.68965	18.13041
0.713521	4577.751	77.73823	77.90716
0.373047	2082.267	36.06984	36.32834
0.43806	2505.502	44.76239	44.98867
0.425665	2408.628	37.08914	37.35793
0.493146	2838.979	28.15342	28.53458
0.430346	2496.949	47.22041	47.43301
0.783502	5066.343	206.2322	206.2991
0.598816	3682.363	39.69455	39.99515
1.080353	7252.162	168.4376	168.5339
1.776882	12595.84	659.8803	659.9109
1.558156	11426.01	361.2087	361.2617
0.527555	3086.03	56.31245	56.51092
0.312636	1688.745	14.92448	15.48923
0.106794	509.2292	2.353889	4.145041
1.54902	11344.94	433.26	433.304
0.194586	981.1274	3.744479	5.297308
1.312821	9457.256	501.8813	501.9167
0.355908	1922.704	28.04701	28.37108
0.910522	6113.367	185.9514	186.0316
0.149468	749.9519	17.01103	17.3835
1.42712	10178.32	343.7361	343.7897
0.684611	4378.56	192.2824	192.3493
0.651409	4083.497	52.12934	52.36909
1.536287	10313.74	706.5137	706.5406
0.132319	646.1117	3.997578	5.321797
0.444235	2553.891	21.08695	21.56657
0.292317	1543.734	15.8996	16.41477
0.616534	3746.781	76.76681	76.92511
1.147988	7883.761	208.776	208.856
0.668343	4467.002	198.4952	198.5592
0.649892	4055.407	66.7056	66.8929
1.094241	7727.21	364.6792	364.724
2.861342	22962.29	1235.629	1235.648
0.274166	1435.56	9.981609	10.7612
1.51527	12435.88	874.4494	874.471
0.547443	3152.756	98.51164	98.62749
1.493168	11412.11	544.1413	544.1758
0.666521	4146.184	92.13845	92.27597
1.026944	7191.038	205.9133	205.9902
1.205025	7643.453	468.5202	468.5567
0.586737	3569.619	38.27596	38.58426
0.700403	4636.106	117.4011	117.512
0.524391	3118.816	64.92537	65.09704
0.765329	4940.933	127.3736	127.4807
0.116393	559.7204	2.004045	3.990014
0.565696	3393.083	42.96401	43.23361
0.566772	3552.159	112.5935	112.6968
1.334918	9674.353	546.4696	546.5024
0.49482	2838.764	34.25524	34.56975
0.6084	3754.194	67.85428	68.03206
0.789688	4874.128	183.7589	183.8343
0.280597	1498.374	15.09701	15.62882
0.520058	3070.511	119.7596	119.8524
0.437607	2552.97	45.2308	45.45463
1.649843	11992.65	596.3782	596.411
0.520394	3067.603	61.44174	61.62238
0.14905	738.9029	2.912107	4.612981
0.733456	4657.039	119.7472	119.8586
1.179322	8691.42	153.1955	153.3059
1.197382	8554.407	211.6117	211.6922
0.658589	3854.807	266.872	266.9192
0.216324	1098.083	4.943138	6.250015
0.271449	1425.587	14.91811	15.44827
0.680539	4011.581	297.0618	297.105
0.738256	4602.838	180.0019	180.0762
0.224798	1179.571	12.0424	12.64419
1.044225	6995.932	262.5885	262.6493
0.204105	1055.901	9.04237	9.801154
1.76961	14299.68	884.6359	884.6587
0.297904	1608.118	12.73566	13.37873
0.61862	3633.36	100.5645	100.6856
1.417128	9222.666	584.9109	584.9423
0.208018	1055.876	8.734779	9.523671
0.540505	3189.734	51.79523	52.01374
0.458191	2597.88	33.0448	33.35788
0.169533	840.4794	4.952523	6.155191
1.348009	10830.82	634.4464	634.4747
0.611441	3751.033	72.87556	73.04156
0.451261	2597.334	44.09887	44.3321
0.312658	1697.264	12.25374	12.93564
0.211284	1075.786	5.569107	6.745894
2.201784	18992.84	1099.14	1099.159
0.219419	1146.536	9.412447	10.16394
0.576457	3502.517	54.55088	54.76562