0.695428	4486.832	138.0067	138.1007
0.436846	2492.483	46.3243	46.54268
0.259794	1255.278	61.10083	61.22991
2.610761	21451.11	1244.081	1244.1
0.555974	3267.835	79.33438	79.47937
1.4337	10585.34	451.156	451.1969
0.36429	2015.394	62.07569	62.22448
0.200465	1017.322	7.914411	8.765703
0.392903	2196.678	26.06028	26.42626
0.321003	1690.364	29.21294	29.50912
0.641034	3959.963	68.79683	68.97713
0.261924	1352.953	11.4929	12.16281
0.842349	5493.406	143.8976	143.9971
0.965184	6610.53	140.5844	140.6936
1.141084	8267.102	293.0943	293.1511
1.144249	7458.986	193.6441	193.7302
0.281811	1515.125	82.53393	82.63305
0.410007	2381.045	29.19604	29.53029
1.072545	7898.355	225.6333	225.705
0.793232	5225.755	153.5895	153.6799
1.411728	9845.626	529.162	529.1967
1.006907	6495.011	191.1732	191.2552
1.29888	10211.06	618.8055	618.834
0.436645	2440.662	46.34881	46.56702
0.605233	3554.772	73.33348	73.49756
1.022823	6717.875	237.0185	237.0851
0.867124	5780.837	208.3064	208.3763
1.383383	10536.06	666.8398	666.8671
1.123549	8250.337	314.6397	314.6923
0.452004	2585.368	66.78102	66.93539
1.005386	6676.594	184.1791	184.2642
1.587117	12421.5	359.686	359.7395
0.751416	4692.199	130.3594	130.463
2.336685	18936.85	838.2736	838.3002
0.763378	4757.952	100.6303	100.7655
0.128975	625.3192	5.223677	6.287766
0.288547	1523.18	27.52768	27.82664
1.407636	10232.31	547.5865	547.6199
0.190337	961.7245	6.215717	7.249841
0.252802	1316.168	12.99407	13.58126
2.64334	22045.33	1720.036	1720.049
0.875288	5807.612	178.0167	178.0988
0.325677	1753.228	28.6136	28.918
0.298241	1583.38	21.44574	21.83396
0.898112	5807.707	229.1282	229.1929
2.17137	18575.15	929.8626	929.886
1.544861	11987.53	895.3478	895.3691
0.705035	4479.413	95.29798	95.43496
0.47458	2689.722	47.75318	47.97439
0.922516	6199.424	129.3728	129.4888
0.466301	2711.507	152.245	152.3139
0.225011	1146.858	9.612818	10.35703
0.762502	4893.446	112.0868	112.2082
0.543391	3138.192	89.3238	89.45104
0.663939	4110.305	118.3558	118.4627
1.413167	10548.5	561.5236	561.5563
0.300217	1603.861	13.80472	14.40222
0.443356	2531.03	56.45628	56.63698
2.125086	16476.41	639.4707	639.5044
1.531947	10881.3	706.0634	706.0903
0.45419	2652.783	56.65354	56.83589
0.290482	1531.316	14.33378	14.90157
0.436823	2584.646	43.08662	43.32132
0.5682	3338.314	71.67647	71.83878
0.987188	6110.945	343.4072	343.4524
0.537298	3202.248	43.02905	43.29099
0.89652	5695.64	248.3024	248.362
0.526463	3143.311	44.05461	44.30775
0.656485	4002.726	137.442	137.5335
0.612798	3822.713	123.9817	124.0795
0.64039	4089.207	112.9182	113.0281
0.647095	3959.23	108.654	108.7688
0.43279	2465.012	26.24334	26.6251
1.182558	8035.331	251.167	251.2344
0.471307	2739.754	31.13314	31.47016
0.130488	639.572	4.797947	5.942305
0.533107	3270.541	117.6359	117.7316
0.961185	6425.182	139.5473	139.6571
0.907424	5448.553	335.0496	335.094
1.296547	9204.908	429.0874	429.1286
0.086202	401.9074	1.489712	3.646202
0.566827	3454.812	72.5075	72.66775
1.234437	8699.387	368.2894	368.3363
0.076584	348.7655	0.8118282	3.386879
3.060805	27053.08	1762.168	1762.182
1.634187	12670.24	650.4685	650.4985
0.877335	5874.255	110.6698	110.802
0.130683	632.2187	4.58797	5.774557
0.286956	1550.628	17.42357	17.891
0.470267	2711.176	33.39874	33.71276
1.29317	9092.458	398.8486	398.8929
2.117287	16650.08	939.6447	939.6676
0.396348	2196.01	23.43482	23.84291
0.373508	2054.86	24.64494	25.02198
0.696987	4485.057	105.6979	105.8206
0.21809	1108.923	9.67802	10.40864
0.414013	2351.288	38.27832	38.53514
0.101774	506.6959	18.43275	18.74217
0.235792	1215.038	7.416174	8.3756
0.766695	4778.297	120.974	121.0868
0.410928	2339.402	44.04452	44.26705
0.15829	787.7975	4.050139	5.427297
2.776326	24653.69	1761.569	1761.583
0.367102	2029.053	20.09878	20.55545
0.160381	805.5023	7.172946	8.034937
0.214731	1089.964	11.68995	12.29797
0.152452	756.1214	3.265042	4.853123
1.589768	12243.04	367.3413	367.3938
1.082904	7651.689	289.885	289.941
0.347613	1880.66	28.10499	28.4247
0.497991	2939.069	69.47633	69.63246
0.172265	856.0215	13.26281	13.75992
1.175923	7824.98	530.1774	530.2092
0.375676	2057.127	22.50277	22.91626
0.775698	5210.946	99.83524	99.97273
0.752713	4787.991	89.44269	89.59374
0.81989	5053.509	221.7102	221.774
0.758315	4953.273	111.8034	111.9248
1.390432	10255.56	255.5612	255.6325
0.323045	1755.458	34.02866	34.28403
1.11435	8017.683	186.8495	186.9376
0.416293	2290.801	66.50273	66.6513
1.409627	10871.46	316.7472	316.805
0.553637	3380.081	105.4989	105.6077
0.987757	6613.11	183.4489	183.5335
0.784974	4822.264	177.1027	177.1807
0.601956	3666.907	46.67943	46.93603
0.621139	3859.771	190.9002	190.9641
0.519824	3054.012	48.13677	48.36699
0.717407	4632.398	119.3231	119.4336
1.767138	13967.89	426.3074	426.3546
2.077004	17367.88	1074.681	1074.701
0.87475	5656.182	134.3552	134.4639
2.031497	15477.07	1170.931	1170.949
1.551074	10437.74	680.7762	680.8042
0.292188	1555.984	17.74857	18.21142
0.495667	2964.432	32.32109	32.65453
0.278055	1469.626	16.98144	17.45402
0.377074	2105.411	39.72896	39.96505
0.862731	5674.087	111.1198	111.2504
0.6504	3991.024	107.0876	107.2044
0.823637	4967.835	123.0523	123.1674
0.969407	6235.29	246.7717	246.8341
1.242129	9177.851	409.7546	409.7968
0.971462	6952.665	260.9371	260.9961
1.140082	7851.517	352.7842	352.8313
1.191734	9118.065	579.3293	579.3587
1.50191	11808.82	469.0909	469.131
1.296884	9661.93	346.0071	346.0582
0.452645	2683.613	68.36263	68.51355
0.542788	3201.685	50.14486	50.37103
1.539729	11790.91	414.0901	414.1361
0.323573	1706.615	21.07768	21.48784
0.489484	2895.643	36.40783	36.70222
0.053564	253.1394	0.4900213	3.228356
0.761118	4841.86	86.95106	87.10734
0.694911	4006.82	172.993	173.0679
0.111065	533.8838	3.086143	4.61325
0.287274	1533.447	21.67274	22.05047
0.097624	460.8115	1.568658	3.721504
0.220151	1105.726	16.67124	17.10735
0.568898	3426.556	40.32017	40.60819
0.780693	5337.045	218.2078	218.271
0.182135	908.2437	5.974415	7.028214
0.798384	5220.178	135.8079	135.9105
0.176266	872.8082	4.937222	6.157806
0.88455	5912.288	323.3021	323.3475
0.976702	7084.35	407.4693	407.5072
0.346714	1852.172	34.20187	34.46474
0.427335	2435.969	26.19224	26.57224
0.18315	916.1992	9.923395	10.59262
0.800709	5048.247	203.7974	203.8659
0.216472	1089.046	9.446778	10.19184
0.740162	5072.842	201.3168	201.3834
0.771413	4896.446	154.8891	154.9775
1.387509	9388.456	798.3405	798.3633
0.680324	4291.192	85.64615	85.79569
0.418687	2435.256	58.89996	59.06815
0.507356	2973.313	126.0897	126.1766
1.134802	8102.199	355.4293	355.4761
0.29423	1539.473	18.36935	18.81835
0.390858	2130.766	53.31795	53.49731
0.309225	1653.498	17.01556	17.51049
0.430981	2449.037	33.05792	33.36113
0.79407	5385.187	153.0929	153.1837
0.836265	4873.949	338.2446	338.2868
1.225083	8762.5	327.4366	327.4892
0.225359	1146.922	13.42041	13.96348
0.535315	3132.242	43.46934	43.72814
0.904524	6036.093	116.1541	116.282
0.534625	3134.628	55.99212	56.19313
1.499315	11087.46	445.6256	445.6678
0.463148	2700.232	28.1587	28.52751
0.8506	5370.609	153.0528	153.1469
0.307158	1681.537	20.99293	21.39479
0.297487	1568.904	17.19191	17.67326
0.2837	1501.32	25.59735	25.91613
0.393748	2211.807	23.62429	24.02783
0.760294	4999.479	120.0847	120.1978
0.723325	4602.11	73.16878	73.34952
1.388852	9022.728	728.1343	728.1593
0.54628	3359.28	142.2125	142.2926
0.165733	821.6638	3.093847	4.777771
0.73495	4835.007	134.1904	134.2898
0.069585	326.586	0.9397992	3.391669
0.645605	3903.765	56.87547	57.09426
1.234976	8804.798	206.8301	206.9136
0.202792	1014.443	5.528207	6.695052
0.965541	6982.379	487.9985	488.03
0.989354	6172.595	280.0511	280.1066
0.31445	1726.704	14.96832	15.53299
1.769665	14350.62	889.2257	889.2483
0.753774	4630.719	178.6857	178.7614
1.536405	11347.52	514.3229	514.3599
0.244885	1237.415	14.80042	15.31164
0.332633	1812.318	15.27822	15.84661
0.371977	2079.486	23.2387	23.63737
0.664933	4029.051	83.59741	83.74876
0.191897	968.1226	6.206883	7.245191
0.444307	2482.62	49.40675	49.61337
0.212097	1076.814	7.810061	8.689715
1.008482	6986.963	243.3207	243.3852
0.246865	1257.257	30.87215	31.12132
0.721251	4641.226	207.3911	207.4549
3.290457	29260.09	2153.462	2153.474
0.664163	4235.717	182.6237	182.693
0.642201	3975.611	97.81454	97.94156
0.206277	1053.921	8.18863	9.02278
0.346631	1898.064	58.16434	58.31928
0.218139	1090.788	22.81148	23.13094
0.423552	2410.963	37.66386	37.9279
0.235093	1206.389	18.71048	19.11058
0.645219	3858.139	77.6511	77.81144
0.413241	2337.101	27.6144	27.96897
0.230001	1187.433	13.26119	13.81502
0.386515	2125.572	42.60361	42.8266
0.166993	829.329	4.781569	6.012736
1.004236	7049.229	243.7144	243.7787
0.215362	1087.704	17.6256	18.03507
1.254979	8808.423	466.4185	466.4558
0.168609	831.9061	3.595597	5.124647
0.299809	1610.106	16.64653	17.14497
0.77098	5308.366	280.8562	280.905
0.202597	1026.55	8.17318	9.003235
0.502574	2956.167	45.71225	45.95034
0.67411	4265.804	86.76213	86.90903
0.775472	5051.005	150.7858	150.8768
2.230707	19332.02	835.8961	835.9224
1.417303	10043.03	294.5233	294.5857
1.142641	8663.896	653.2297	653.2552
0.551926	3323.509	61.87354	62.05862
0.598934	3623.07	91.13146	91.26281
0.316264	1692.276	16.64226	17.15327
0.777028	5011.117	93.57269	93.7195
0.452207	2539.994	45.69219	45.91758
0.256663	1324.822	9.052011	9.881626
0.76313	4842.882	152.7854	152.8745
0.459518	2697.523	28.34642	28.71133
0.489555	2976.164	63.82204	63.99044
1.285585	9276.671	275.4797	275.5435
0.085897	406.6838	1.445789	3.627325
0.618669	3750.546	73.57324	73.73871
0.279864	1495.742	32.36406	32.61523
0.165425	790.1366	19.99454	20.3231
0.631879	3847.683	72.64268	72.81216
0.952672	6609.839	286.042	286.0953
1.555511	12549.41	520.2487	520.2855
0.640189	3944.165	99.47932	99.60401
0.561447	3343.266	38.42626	38.72626
0.612949	3774.054	70.43801	70.60997
0.193306	993.2216	20.77812	21.11246
0.758162	4837.903	111.7784	111.8998
0.713236	4743.707	172.0545	172.1308
0.515432	3131.675	67.7468	67.90984
1.03848	7341.782	261.6769	261.7377
1.620951	13592.08	760.8684	760.894
0.132636	645.4372	4.257502	5.520499
1.603909	12274.85	577.5436	577.5771
0.62392	3765.19	45.89027	46.15627
0.931884	6278.281	202.8906	202.9649
0.152136	749.5632	3.578499	5.068463
0.725757	4567.885	195.0908	195.1587
0.36026	1947.627	18.9466	19.42593
0.662003	4119.952	84.57196	84.72122
0.176677	883.79	5.023583	6.228161
0.973691	6367.762	388.802	388.8417
0.258104	1360.782	8.136677	9.052701
0.674495	4218.258	57.59044	57.81159
0.568444	3435.117	105.307	105.4176
0.074781	342.2519	0.6137808	3.337546
0.695079	4239.92	120.8821	120.9893
0.210438	1058.33	65.45649	65.56692
0.359792	1989.537	25.85879	26.2118
0.548294	3160.031	185.3025	185.3642
0.298878	1578.967	19.00408	19.44154
3.027026	29173.08	1634.171	1634.185
1.122772	7415.208	397.1837	397.2253
0.835861	5616.819	134.573	134.679
1.074105	8707.042	524.1975	524.2283
0.589884	3538.926	92.45329	92.58171
2.368702	19142.68	1078.486	1078.507
0.968705	6685.124	398.3467	398.3853
1.761866	12883.57	814.7432	814.7679
0.331049	1818.058	18.23746	18.71511
0.43883	2543.633	36.90283	37.17724
0.311312	1681.817	24.03064	24.3847
0.5595	3413.82	114.6195	114.7202
2.586576	20368.72	1368.927	1368.944
1.05929	7293.059	220.2205	220.2934
1.019207	6876.121	244.9874	245.0518
0.337038	1801.181	21.04301	21.46187
0.65923	4040.706	105.2923	105.412
1.133985	8123.67	493.6163	493.6499
0.505066	2806.092	70.05867	70.21467
0.247108	1265.464	10.52644	11.23651
0.16997	839.291	5.015855	6.207223
0.309913	1678.143	14.3198	14.9051
0.133158	647.0336	3.629196	5.053213
0.330143	1803.407	14.03433	14.64888
0.220374	1112.921	7.143556	8.109719
0.849759	4982.634	192.7202	192.7949
0.514386	3019.699	40.66326	40.93403
0.715337	4409.127	165.5376	165.6171
1.53131	11893.24	412.2347	412.2808
0.646627	3958.416	64.33688	64.53053
1.714893	12344.3	664.5329	664.5629
0.798252	5151.339	160.8573	160.944
2.986912	27704.16	1059.122	1059.145
0.195151	982.2953	4.745558	6.047809
0.11287	550.8809	2.0844	4.018962
0.124491	600.534	3.091581	4.656617
0.503294	2957.977	56.02773	56.2223
0.860323	5826.872	141.2918	141.3943
2.50242	22330.83	1251.843	1251.861
0.280003	1479.8	14.48496	15.0379
0.130456	631.0581	4.642807	5.817686
1.377257	9265.306	302.127	302.187
0.068665	315.7481	1.411104	3.547707
0.116751	557.4228	3.209728	4.713406
0.476926	2733.793	30.10509	30.45565
1.367007	9453.334	623.5868	623.6158
1.941468	15129.58	890.2952	890.3186
0.764945	4834.539	98.40457	98.54304
0.209153	1081.782	44.07408	44.23753
1.209272	8536.899	248.6106	248.6794
0.202226	1029.414	6.590892	7.595208
0.529361	3045.43	58.65945	58.85035
0.249392	1293.649	13.6132	14.17157
1.013636	6176.047	183.1478	183.2337
0.136133	660.5521	4.034161	5.359095
1.885611	15862.45	1166.961	1166.979
0.26101	1345.962	14.50029	15.036
0.292532	1575.798	16.89044	17.37642
0.295778	1570.825	11.55169	12.25477
0.133068	644.4662	4.50946	5.718099
0.153056	742.003	4.828908	6.018901
0.095713	447.7752	1.364672	3.633014
0.511551	2974.89	46.09538	46.33372
0.317175	1782.084	29.55254	29.8437
0.936878	6267.648	131.1361	131.2514
0.249433	1299.682	8.09527	9.002707
1.243562	8620.575	279.3628	279.4248
0.160276	791.8648	4.215635	5.556777
0.238744	1220.142	10.93899	11.61428
0.165397	824.896	5.550701	6.637494
0.494082	2921.577	50.81573	51.0281
0.817259	5204.222	219.8563	219.9205
0.22905	1191.421	15.29114	15.77305
0.438898	2616.142	60.36668	60.53483
0.373694	2065.799	20.61137	21.06085
0.730192	4776.225	106.9449	107.0693
0.405526	2293.448	30.37697	30.69658
0.219402	1122.887	8.362227	9.199882
0.340114	1847.246	17.77345	18.26959
0.674649	4263.429	78.78609	78.94791
0.184094	924.7338	5.987156	7.042831
0.492305	2881.403	49.91313	50.12891
0.164007	806.6477	3.090633	4.770755
0.292944	1539.516	21.00112	21.39418
0.250988	1293.378	17.92716	18.35592
0.4353	2535.78	41.29222	41.53662
0.334238	1846.079	24.72347	25.07952
0.610031	3712.057	61.45552	61.65204
0.256763	1339.973	16.38853	16.86103
0.332663	1786.735	24.12939	24.49325
0.630717	3883.298	61.91519	62.11374
0.505346	2957.992	32.98757	33.31768
0.844653	5046.979	228.5902	228.653
1.15103	7873.091	256.8495	256.9146
1.11386	7837.656	264.8138	264.8759
0.342034	1894.77	25.78626	26.13163
0.309262	1697.52	22.02231	22.40693
0.457446	2681.934	44.7811	45.01243
0.21812	1122.614	5.337553	6.570078
0.0698	327.7556	0.6137979	3.317051
1.549277	11094.35	718.9587	718.9853
0.295193	1507.23	37.13126	37.35576
0.838712	5276.777	151.8718	151.966
3.661089	35760.85	1595.717	1595.733
0.559096	3383.114	86.9393	87.07202
0.68645	4364.367	66.79151	66.98407
0.203347	1036.761	20.90466	21.24341
1.112698	7901.724	172.5004	172.5958
1.237512	8713.18	259.2031	259.2698
0.55296	3266.468	79.48501	79.6293
0.251443	1308.181	10.16193	10.90108
0.657937	4333.707	155.4567	155.5377
0.998972	6878.371	241.4502	241.5149
0.533521	3111.168	109.1313	109.2345
0.471624	2682.404	38.82465	39.09552
1.200691	8748.691	192.4156	192.5042
0.86476	5378.262	154.1802	154.2744
1.192324	8447.663	276.6985	276.76
1.039891	6977.228	280.2589	280.3157
0.964007	6557.612	144.4314	144.5376
0.450137	2603.787	114.9646	115.0542
0.572501	3440.329	86.17635	86.31194
0.904026	5647.387	265.7742	265.8301
1.324342	9813.056	401.7748	401.8192
0.556701	3312.189	69.15467	69.32107
0.08124	379.4815	1.220633	3.525541
1.003671	6736.879	149.4211	149.5259
0.311407	1675.197	19.54015	19.97402
0.380516	2088.023	27.0726	27.41946
0.487987	2849.923	48.46927	48.69043
0.353327	1938.38	31.10775	31.3992
0.484074	2980.307	179.6687	179.7282
0.438632	2562.124	46.03817	46.25837
0.357842	1956.697	41.38844	41.60931
0.805253	5310.138	88.50779	88.66589
0.225855	1165.516	10.36888	11.06337
0.131959	641.9792	2.494311	4.307274
0.615833	3851.724	85.50003	85.6421
1.172438	7912.676	428.9219	428.9612
1.377358	9925.814	469.8532	469.8918
0.384667	2128.69	19.27149	19.75841
1.322187	10170.5	587.0982	587.1286
0.636401	3825.219	113.5375	113.6464
0.833894	5392.426	102.5363	102.6753
0.818149	5224.74	190.14	190.2143
1.613793	12789.93	647.5725	647.6024
0.5147	3019.022	59.35734	59.54322
0.41981	2349.043	25.77375	26.15635
0.873932	5919.753	200.235	200.3079
0.717988	4501.659	72.74851	72.92959
1.472	11639.4	420.0137	420.0582
0.269706	1424.571	15.22301	15.74145
0.357213	1973.572	23.08616	23.4795
0.667138	4214.587	205.3803	205.442
0.760271	5038.804	217.3274	217.3899
1.26871	8932.205	418.1691	418.211
0.387133	2160.324	31.56588	31.86644
0.472828	2563.887	119.3622	119.4507
1.618482	13011.16	583.6763	583.7096
0.157924	781.6895	5.89665	6.914651
0.275725	1531.695	60.75446	60.88773
0.568374	3548.355	83.75447	83.89344
1.284281	9609.547	248.5589	248.6296
0.617921	3236.55	290.9674	291.0093
0.546314	3179.68	45.91799	46.16572
0.717214	4517.819	95.19447	95.33285
0.355621	1958.091	17.36045	17.87908
0.106822	508.3037	2.374254	4.156732
0.632192	3740.796	124.5226	124.6216
0.160646	805.0611	5.765444	6.808571
1.376376	9253.114	837.2511	837.2727
0.142671	698.2664	4.125164	5.444406
0.113996	544.6806	2.267458	4.120631
0.597797	3608.781	147.8213	147.9022
0.693193	4317.905	80.79307	80.95316
1.132387	8401.734	320.9908	321.0425
0.194796	983.6483	6.440328	7.451434
0.312708	1666.7	14.65069	15.22566
1.048224	6995.978	301.2726	301.3257
0.659522	3998.884	75.55604	75.72275
0.700468	4362.311	70.12147	70.30689
0.194586	989.0067	11.29062	11.89615
0.511251	3026.71	44.33867	44.58632
1.167612	8059.384	240.7745	240.8444
0.97402	6522.529	182.3929	182.4775
0.767799	4869.829	145.8789	145.9726
2.179054	18832.34	745.5293	745.5585
0.180121	894.1137	4.737831	6.007862
0.764562	5011.116	175.9434	176.0209
0.47178	2732.146	44.57152	44.8077
0.909327	5997.673	152.428	152.5257
0.21937	1073.151	59.36495	59.48871
0.353769	1938.935	16.95053	17.47998
0.712785	4609.845	145.483	145.5733
0.25765	1321.167	13.67821	14.24175
1.143203	8042.29	200.4272	200.5103
0.988273	7668.251	269.7858	269.8434
1.753436	14169.29	1028.976	1028.995
0.161688	794.1588	4.212869	5.55815
0.710695	4372.952	101.4972	101.6264
0.370853	1991.286	28.64333	28.96722
0.83155	5064.363	302.7295	302.7765
0.520303	3149.814	51.91468	52.12833
0.326285	1745.203	28.33375	28.6414
0.26497	1387.964	14.05694	14.61251
0.415448	2370.622	30.62236	30.94335
1.525654	10969.85	462.3607	462.4017
1.320316	9963.297	308.1708	308.2286
0.144319	711.5753	5.73038	6.745885
0.433537	2477.541	36.82298	37.09626
0.094643	456.4889	2.545788	4.217599
0.852269	5482.896	117.6303	117.7528
0.2361	1221.723	7.422378	8.381586
0.197683	994.8628	7.217431	8.137298
0.210863	1076.184	9.357936	10.10207
0.186426	934.7215	4.528729	5.859029
0.327269	1736.766	21.53839	21.9421
0.429619	2422.476	41.28852	41.53129
0.667062	4253.122	107.7677	107.8853
0.692111	4341.357	69.10983	69.29676
0.214219	1107.855	7.74949	8.63863
0.557422	3293.497	83.93029	84.06754
0.666787	4164.85	56.40178	56.6262
1.52997	11474.01	418.7515	418.7968
0.952481	6508.742	193.1697	193.2486
0.255845	1316.744	19.70238	20.09651
0.277504	1469.675	14.18912	14.75093
1.873464	15452.55	1022.17	1022.19
0.255379	1345.145	12.38304	13.00051
1.081276	7337.737	175.1875	175.2801
0.423789	2431.642	37.73016	37.99381
1.250797	8329.612	384.6899	384.7351
0.948029	6243.409	271.1296	271.1858
0.864055	5650.056	93.45268	93.60796
0.956568	6364.316	143.5473	143.6537
0.68548	4212.597	60.87067	61.08174
0.545239	3251.605	76.40567	76.55466
0.425316	2531.687	65.37949	65.53228
1.069626	7440.768	362.4272	362.4717
0.373657	2061.07	51.05567	51.23876
0.56849	3182.726	188.8763	188.938
1.75781	13243.46	677.4453	677.475
1.296272	9422.287	579.2768	579.3073
1.468588	11488.27	620.8462	620.8762
0.34455	1892.46	24.3783	24.74463
0.150071	751.3457	7.205566	8.046574
0.10025	474.3673	3.867816	5.140134
0.993694	6810.105	242.6258	242.69
0.389913	2232.782	62.05972	62.21369
0.149551	736.0244	3.794002	5.21607
0.762042	4853.098	158.0175	158.1036
0.075457	361.554	3.708587	4.953244
0.366256	2017.192	31.10749	31.40414
0.600439	3343.872	261.743	261.7889
0.528333	3097.199	47.94564	48.17878
0.102424	492.0996	3.79807	5.093719
0.33108	1789.17	23.1276	23.50611
1.09718	7801.444	392.4133	392.455
0.67125	4248.418	135.6281	135.7219
0.165259	820.4275	3.171135	4.826838
0.37261	2079.162	30.21409	30.52204
0.60856	3758.922	57.37994	57.5901
1.184389	8428.378	577.4698	577.4991
2.090021	17548.14	1140.967	1140.986
0.916826	6283.603	192.2149	192.2927
1.515084	11348.24	507.9171	507.9543
0.228156	1172.289	6.953401	7.955885
0.438621	2506.942	34.54185	34.83478
1.065366	7274.95	318.3784	318.429
1.313947	9564.942	328.4196	328.4737
0.157006	771.3714	3.941189	5.343202
0.80538	5379.932	158.1768	158.2653
0.316358	1715.424	26.63711	26.95937
0.472201	2763.528	68.99139	69.14428
0.739485	4779.132	94.6699	94.8113
0.529733	3162.304	47.63737	47.87234
0.775701	4939.771	138.918	139.0169
0.903567	5932.629	151.2936	151.3917
1.783767	13741.49	770.5744	770.6006
0.880082	5855.713	95.99509	96.14768
0.913819	6076.598	253.0072	253.0662
0.050524	234.4892	0.4254439	3.206274
1.003556	6442.619	325.9122	325.9603
0.66711	4023.463	173.4903	173.5634
0.327359	1786.778	20.40673	20.83244
0.20052	1018.611	7.28582	8.202702
0.655136	3907.482	91.81361	91.95036
0.943023	6872.14	246.6908	246.7523
0.526143	3188.169	134.6545	134.7375
1.857117	14676.79	959.063	959.0844
1.217279	7478.147	558.2583	558.289
0.369898	2068.414	24.55867	24.9352
0.271332	1432.101	32.20966	32.45856
0.278088	1501.758	17.36043	17.82298
0.330211	1774.128	53.20358	53.369
0.557261	3314.437	67.38791	67.55875
0.21094	1072.869	6.785749	7.780054
0.729106	4706.256	70.99001	71.17707
1.313259	8846.575	422.6431	422.6852
0.649307	3892.387	242.6608	242.7123
0.468157	2688.208	27.75237	28.12861
0.647794	4006.216	55.41304	55.63798
0.815605	5428.915	206.8095	206.8776
0.549573	3268.44	50.95925	51.18329
0.184145	931.4355	10.94809	11.5593
1.839365	15252.93	1058.092	1058.112
0.287349	1532.837	20.99891	21.38858
0.408577	2285.324	38.63765	38.89039
0.245779	1287.046	12.96845	13.54986
1.254137	9543.886	557.6497	557.6809
0.843503	5097.542	230.1398	230.2021
0.610223	3539.129	101.9892	102.1078
1.112268	7504.137	429.9738	430.0121
0.689545	4428.416	104.3872	104.5108
1.187931	8040.594	303.6224	303.6783
0.337107	1834.95	40.51175	40.73091
0.551509	3250.233	161.093	161.1642
1.058065	7481.903	360.2297	360.2743
0.772516	5153.772	224.6897	224.7507
0.68443	4361.767	115.8116	115.9226
0.662324	4116.448	181.8506	181.9201
0.431156	2454.741	25.75312	26.14128
0.413315	2368.151	29.08395	29.42085
0.481408	2869.027	58.20049	58.38349
0.90139	5828.775	153.444	153.5406
1.161868	8417.417	384.3244	384.3681
0.286658	1535.333	20.51014	20.90849
0.405371	2211.336	37.17884	37.44038
0.664303	4012.236	85.23136	85.37974
0.795642	5092.729	120.4952	120.6106
0.756878	4856.633	189.8755	189.9469
0.457446	2630.893	41.68345	41.93187
0.766696	4915.154	233.0652	233.1237
0.618923	3667.908	58.8886	59.09524
0.178278	902.1936	4.604546	5.899071
0.427745	2418.774	56.51604	56.69324
1.03174	6983.224	154.9985	155.1008
0.227467	1182.993	11.14023	11.79121
0.067668	317.6817	1.629529	3.636356
0.393086	2176.021	28.83126	29.16256
0.220058	1137.193	7.346215	8.288276
0.53063	3094.285	63.52802	63.70456
0.407954	2249.222	28.22783	28.57253
0.495246	2957.835	74.42056	74.56591
0.194734	976.2367	4.709185	6.018371
1.264336	8411.793	302.8475	302.9051
0.505151	3013.29	30.53	30.88632
0.45238	2783.351	112.0609	112.153
1.23009	8837.027	305.6237	305.6801
0.278346	1498.829	21.21082	21.59119
0.175435	864.9503	4.832354	6.072184
1.632954	12456.13	574.4381	574.4721
0.229632	1182.336	9.802901	10.53958
0.787446	5172.134	87.49903	87.65711
0.88034	5854.964	119.8739	119.9961
0.544091	3118.871	83.03294	83.1699
1.136836	7891.265	467.6863	467.7218
0.165394	793.5169	23.91234	24.18773
0.823663	5353.224	170.1907	170.2739
1.950519	15638.61	634.6423	634.6753
0.025543	115.806	0.173045	3.074036
1.190281	7813.751	368.3876	368.4337
1.428198	10957.32	449.1815	449.2226
1.330293	9748.433	236.3864	236.4619
0.925756	5987.315	181.7952	181.8779
0.442208	2507.272	34.81092	35.10283
0.75034	4816.027	75.06773	75.24734
0.448376	2640.069	67.4427	67.59493
0.623512	3758.113	57.8751	58.08617
0.704378	4142.688	129.4351	129.5359
0.820569	5475.86	85.02614	85.19232
0.180253	889.5164	14.86527	15.31755
0.128636	624.6892	4.978347	6.084722
1.560881	11939.16	408.9635	409.0103
0.638219	3902.228	77.47728	77.63705
0.848522	5545.715	102.3433	102.4838
0.690759	4414.11	112.3922	112.5071
0.742564	4615.903	265.9599	266.0104
0.362593	1912.73	99.06976	99.16284
1.219224	9430.759	369.6241	369.6705
1.505463	12379.54	525.5897	525.6255
0.145439	715.0177	2.467265	4.334486
0.835535	5476.511	145.802	145.8998
0.553421	3252.272	56.21083	56.41478
0.2332	1209.793	6.388242	7.476045
0.476214	2725.856	35.69525	35.99117
1.028843	7043.675	198.0254	198.1054
0.993168	6559.065	262.9064	262.9656
0.38732	2160.37	17.8031	18.33087
0.16826	833.7789	7.538082	8.375372
0.96223	6461.036	177.8847	177.9709
0.490671	2769.753	96.78439	96.89566
0.532136	3190.189	85.77441	85.90545
1.482805	10625.34	500.1787	500.2161
0.649522	3981.917	97.7707	97.89854
0.936278	6121.349	132.3617	132.4759
1.811638	15050.21	554.1232	554.1598
0.563161	3562.853	110.8896	110.9941
0.474179	2753.184	42.74482	42.99169
0.232865	1205.387	16.92665	17.36618
0.716086	4207.225	197.703	197.7696
0.383601	2166.301	38.67779	38.92235
0.486595	2770.118	48.85407	49.07317
0.829522	5511.182	123.4088	123.524
1.010517	6975.191	213.7305	213.804
0.263581	1372.073	8.807823	9.667929
0.246832	1277.15	7.055541	8.076303
0.758934	4946.099	113.2116	113.3314
0.703243	4331.424	99.10771	99.23925
0.177183	884.7842	8.091771	8.890677
0.130197	627.0829	1.866461	3.970691
1.320126	10849.12	575.045	575.076
0.37493	2085.407	29.97049	30.28187
0.361711	1989.523	20.46981	20.91514
0.175673	860.5031	8.629257	9.380316
1.207741	8597.972	310.277	310.3321
0.254539	1309.185	20.4262	20.80579
1.113952	7779.713	455.2662	455.3024
0.275965	1463.994	13.27062	13.86822
0.27414	1426.433	16.52862	17.01074
0.323066	1722.091	29.97599	30.26558
0.649397	4272.319	170.8209	170.8941
1.118536	7769.094	191.0135	191.0999
0.541391	3291.258	95.58971	95.70839
0.104106	505.7035	1.565604	3.744051
0.99308	6632.858	181.4717	181.5575
0.303512	1609.838	20.03502	20.45339
0.327461	1740.728	35.57121	35.81716
0.25132	1296.511	21.07793	21.44399
0.277132	1480.29	22.83697	23.19
0.529536	3135.952	54.0261	54.23335
2.118841	17533.81	907.608	907.6317
0.133125	645.9293	4.925126	6.051434
0.315803	1679.121	15.70507	16.24522
0.260572	1363.232	11.08067	11.77253
0.078587	371.8986	1.69628	3.707309
0.923708	6536.19	204.9578	205.0311
0.07417	346.8359	0.7474561	3.362208
1.383924	10167.04	333.7278	333.7823
0.792205	5100.223	78.58861	78.76512
0.263448	1373.72	10.69436	11.41302
0.181052	905.9799	3.737274	5.257368
0.334758	1813.403	15.23964	15.81114
0.687521	4205.889	149.7251	149.8112
0.607607	3737.546	81.75415	81.90167
0.107592	517.5909	2.483048	4.222322
0.177123	873.5705	5.805451	6.875246
0.230103	1193.293	11.40015	12.04002
0.526221	3088.283	97.79433	97.90859
0.884642	5852.963	124.8632	124.9809
0.174394	869.3411	7.132123	8.02238
0.85236	5095.445	463.563	463.5941
0.921144	6163.993	124.8521	124.9722
0.496428	2580.388	151.6097	151.6812
1.134792	7063.494	403.3959	403.4371
2.953235	27692.88	1205.4	1205.42
0.604035	3692.86	62.89515	63.08618
0.447775	2518.347	94.96747	95.07556
0.980818	6503.747	132.041	132.1582
0.283131	1505.086	12.80988	13.43502
1.118272	7691.901	257.7374	257.8014
1.025298	6944.692	282.2179	282.2739
0.974702	6797.603	200.5721	200.649
1.013732	7063.563	403.5714	403.6104
0.677839	4212.502	64.56589	64.76375
0.530029	3145.342	98.03934	98.15376
1.065415	6807.315	238.9934	239.0609
0.182595	855.3961	47.75197	47.89536
1.051532	7226.992	157.9807	158.082
0.861849	5482.63	103.6942	103.8339
0.756438	4734.707	103.5412	103.6721
0.107795	517.3477	1.245061	3.635687
1.984464	15460.09	1003.835	1003.856
0.264153	1376.039	8.896175	9.749266
0.464776	2670.05	50.02707	50.23597
0.792349	5225.318	100.2774	100.4158
0.18264	929.4951	12.68471	13.2143
0.561149	3201.733	84.31563	84.45273
0.825524	6011.737	238.7182	238.7776
1.787789	13348.11	942.6398	942.6613
0.868303	5733.343	192.8659	192.9414
1.648106	12217.88	993.1372	993.1569
0.56277	3376.843	65.43574	65.61258
0.42623	2479.231	62.8326	62.99175
0.201922	1025.663	8.116275	8.950588
0.312542	1687.333	34.34808	34.59717
1.783753	13428.49	747.0465	747.0735
0.466954	2785.317	84.21927	84.34384
0.737864	4530.273	99.69078	99.82491
1.053654	7226.868	144.5799	144.6907
0.391491	2224.673	42.57736	42.80193
0.214461	1096.748	7.592067	8.498078
0.397584	2221.981	34.3481	34.62826
0.194648	997.3522	10.1408	10.811
0.644064	4013.313	65.76507	65.95413
2.210541	18782.08	842.5894	842.6154
0.569465	3369.908	49.09642	49.33336
0.527589	3117.406	51.12797	51.34649
1.746252	14211.53	638.1687	638.2001
1.897846	16094.04	1057.604	1057.623
1.699878	13481.67	611.1305	611.1629
1.134508	8575.148	540.9466	540.9773
1.277503	9536.992	253.3359	253.4051
0.100819	479.6684	2.336864	4.115522
0.16326	806.8834	4.07397	5.457557
0.155555	781.2524	4.689365	5.913316
0.592054	3535.947	50.60763	50.84233
0.506998	3053.073	82.49631	82.62909
0.402567	2349.849	41.42161	41.65569
0.301437	1640.033	18.38801	18.84155
0.76728	4853.995	88.46329	88.61754
1.096933	7814.792	284.1416	284.1991
0.344253	1892.429	14.85131	15.44504
0.191291	967.5779	4.962137	6.210778
0.216458	1115.754	9.126556	9.895742
0.611204	3651.332	46.79543	47.05349
0.133249	646.866	3.491247	4.95532
0.670877	4222.141	68.01206	68.19889
1.019773	7057.909	221.3366	221.4079
0.773965	4959.527	89.38019	89.53356
0.121935	587.116	2.505735	4.281915
0.508118	2932.11	68.39832	68.5586
1.025757	7179.608	140.0517	140.1647
0.185997	932.948	6.590965	7.56624
1.164703	8495.363	236.7412	236.8122
0.328565	1778.486	21.3138	21.72245
0.481626	2788.62	53.07268	53.27334
0.352259	1952.952	27.99008	28.31317
0.033944	158.2623	0.1749998	3.111004
0.354182	1996.645	27.11198	27.4463
0.638628	4061.591	262.5259	262.5731
0.563306	3295.151	81.0611	81.204
2.988383	26458.91	1202.829	1202.849
0.598534	3680.278	82.22238	82.36789
1.08395	7704.644	309.3431	309.3957
0.9888	6807.15	223.7577	223.8272
0.254339	1331.624	7.764245	8.713746
0.337931	1815.59	32.51433	32.78732
1.030868	6966.923	376.1199	376.1621
0.543173	3133.607	172.901	172.9667
1.05453	7297.302	250.4146	250.4786
3.077531	29911.15	2221.52	2221.53
0.62957	3816.777	81.37127	81.5223
0.23903	1228.978	17.00675	17.44899
0.225883	1144.779	15.65633	16.1247
0.638594	3775.089	94.69202	94.82283
1.760462	12005.31	788.6985	788.724
0.442243	2485.51	34.28926	34.58559
0.246959	1291.705	11.86213	12.49638
0.858986	5906.819	162.7697	162.8587
0.548044	3297.857	77.0239	77.17209
1.336799	9135.172	722.7529	722.7777
1.103317	7848.51	348.0858	348.1329
0.375693	2064.647	52.44592	52.62466
1.025886	6990.316	221.8758	221.9471
0.464927	2706.034	34.30351	34.6075
0.143015	696.2094	7.530575	8.327278
0.055972	261.5396	0.636846	3.263969
2.830825	23531.31	1259.363	1259.382
0.882597	5810.583	147.8619	147.9611
0.588632	3519.322	67.09309	67.26975
0.064446	293.2451	0.8209422	3.339687
0.170176	848.1937	5.240992	6.390964
0.067384	310.4578	0.6250919	3.309182
0.984594	6932.146	172.9918	173.0814
0.23796	1222.903	25.6096	25.90484
0.855958	6134.368	283.7543	283.8052
1.252188	9111.29	575.8365	575.8667
0.837467	5367.503	98.97063	99.11493
0.76883	4861.176	154.0781	154.1668
0.824355	5425.233	89.11234	89.27128
0.243994	1260.276	10.62202	11.32244
0.76239	4999.422	105.9623	106.0907
0.099784	476.5987	1.110045	3.560952
0.145885	710.7239	3.362717	4.901067
0.909209	5936.095	261.4476	261.5046