0.380687	2097.825	30.02039	30.33363
0.791915	5380.706	145.2181	145.3137
0.454601	2839.364	133.141	133.2187
0.098223	464.5395	1.405916	3.658134
0.180901	899.6576	5.458388	6.592616
0.69222	4307.445	100.316	100.4449
1.374708	10119.57	364.3645	364.4143
0.748114	4840.996	105.6297	105.7572
0.278321	1458.898	13.36713	13.96282
0.710913	4457.309	105.8644	105.9883
0.31401	1699.872	12.11223	12.80303
0.364592	2032.343	42.91353	43.12857
1.143443	8689.673	362.1521	362.1982
0.427908	2468.119	23.8258	24.24322
0.392779	2242.272	40.05471	40.29374
2.634782	21235.5	982.0321	982.0558
0.743287	4784.831	86.05288	86.20883
0.132851	648.7273	2.379612	4.244765
0.470846	2664.812	56.61824	56.80417
0.650982	4001.794	62.18033	62.38139
0.271668	1441.994	22.84283	23.19266
1.462881	11257.02	425.8673	425.9111
1.002173	6867.568	143.4498	143.5588
0.164149	811.8715	3.196819	4.840622
0.069207	327.3859	0.8569557	3.368118
0.313753	1707.518	13.26204	13.89557
1.188378	8493.562	238.7713	238.8424
0.517381	3079.573	57.10032	57.29405
0.590871	3517.901	45.30706	45.56879
0.184145	929.7534	8.424126	9.204495
0.253643	1318.792	17.74119	18.17628
0.596393	3580.836	125.0744	125.1699
0.590159	3542.94	57.23756	57.44482
0.404692	2258.807	42.49107	42.7199
0.528122	3155.385	81.79794	81.93478
0.549169	3299.805	63.76208	63.94121
0.845593	5591.344	116.1421	116.2657
1.356652	9429.397	394.3393	394.385
0.834952	5154.88	301.3373	301.3846
0.589386	3708.986	86.80411	86.94082
0.244474	1259.246	12.47207	13.07423
0.587645	3595.835	70.72545	70.89291
0.813539	5340.771	189.749	189.8232
0.700466	4268.926	120.6902	120.7981
0.460531	2685.437	41.50053	41.75091
0.308192	1633.858	19.15987	19.60004
0.466477	2729.073	45.80396	46.03247
0.164007	819.0427	3.03857	4.737193
0.399952	2198.897	40.16424	40.40481
0.351639	1893.198	29.72833	30.03246
0.754006	4557.325	167.3666	167.4475
0.227263	1161.967	9.006725	9.800176
1.042542	6899.025	204.8237	204.9015
1.014497	6992.498	220.8145	220.8858
0.28597	1536.829	18.57559	19.01404
0.356246	1957.93	35.27833	35.53664
0.28244	1490.286	13.6867	14.27286
0.314168	1687.24	22.41951	22.80022
0.496219	2958.827	59.57611	59.75777
0.166993	816.0711	4.781569	6.012736
0.485001	2858.868	52.7008	52.90362
2.387031	18799.81	1087.768	1087.788
0.754498	4747.614	181.9945	182.0688
1.202813	7815.85	685.3705	685.3954
0.360812	1982.035	18.23551	18.73342
0.503841	2954.699	75.01589	75.16141
0.236994	1229.437	7.463855	8.419759
0.908385	6553.046	443.9249	443.9585
0.803865	5160.841	187.6324	187.707
0.537755	3197.778	48.99973	49.23002
1.152297	8182.926	464.5106	464.5466
0.465498	2777.951	61.33788	61.50851
0.589399	3531.763	75.4935	75.65065
0.48823	2828.261	48.35341	48.57516
0.363019	1958.148	20.67708	21.11882
2.384807	21484.74	1213.418	1213.437
0.294156	1602.828	17.78387	18.24723
0.849132	5819.076	272.0623	272.1152
0.424143	2463.984	44.95329	45.1749
0.826196	5538.859	237.6423	237.702
0.072246	336.5727	0.8308992	3.373937
1.059388	7757.237	449.7242	449.7599
0.553718	3423.924	59.5249	59.71758
1.994957	16598.53	645.243	645.2756
0.2605	1391.005	20.76214	21.13944
0.473262	2728.564	34.91476	35.21626
0.429691	2424.833	42.39448	42.63097
0.799837	5341.144	217.7446	217.8087
0.279867	1467.788	12.34507	12.98929
3.380896	32193.25	1462.892	1462.909
1.795617	13302.15	474.1621	474.2048
0.618132	3709.687	121.1151	121.2156
0.480969	2667.456	77.96922	78.10586
0.152547	737.8913	7.935638	8.710296
0.576964	3429.189	50.47723	50.70932
0.863082	5941.107	180.6485	180.7288
0.215396	1091.825	8.379813	9.210012
1.42211	10435.38	468.4245	468.4638
1.057391	7199.615	417.2409	417.2794
0.332663	1778.289	22.06694	22.46423
1.102442	7031.869	320.8787	320.9298
0.65069	4018.167	100.6115	100.7359
0.46144	2670.267	61.74344	61.91219
0.459761	2589.958	70.42935	70.57705
0.407435	2293.362	19.97524	20.45914
0.183779	935.8981	5.239662	6.418795
0.918566	5730.255	265.6463	265.7027
0.786021	5258.723	163.3835	163.4681
0.23486	1235.809	18.18587	18.59709
0.596786	3593.77	78.0552	78.20822
0.300634	1642.644	23.97362	24.3228
1.808269	13963.14	817.683	817.7078
1.341876	9938.813	380.2485	380.2956
0.509052	3042.419	47.67497	47.90486
0.933003	6309.049	121.0718	121.1965
0.303489	1663.982	12.68522	13.33617
0.436008	2456.316	33.35692	33.65924
0.380541	2232.913	84.65889	84.77045
0.847224	5610.568	153.1709	153.2647
0.506559	2969.444	30.37526	30.73389
1.355848	9863.432	272.0105	272.0768
1.022971	7493.966	230.3338	230.4024
0.901677	5503.533	251.307	251.3661
1.086206	7074.738	361.0269	361.0719
0.916585	6584.112	211.6538	211.7245
1.173527	8529.74	619.2527	619.2799
0.306683	1622.657	18.98347	19.42663
0.114604	542.0902	11.07174	11.59476
0.114445	551.9619	2.157516	4.062688
0.442981	2595.68	35.9445	36.22753
0.827637	5265.006	146.1296	146.2267
0.586404	3699.921	195.6457	195.7062
1.230484	8064.52	359.2398	359.2878
1.580836	11955.69	777.9593	777.9841
0.732277	4773.523	178.1932	178.268
1.713609	12786.82	703.4674	703.4956
0.182142	925.2824	14.57229	15.03509
1.802789	13709.56	755.8276	755.8544
0.528654	3091.8	99.117	99.23002
0.200838	1017.713	6.844232	7.813659
0.618738	3740.891	50.40627	50.64749
0.304403	1629.12	17.25423	17.73896
0.394352	2148.915	58.00302	58.16868
0.474687	2741.08	57.67528	57.85859
0.214731	1106.567	11.68995	12.29797
1.167612	8114.406	232.655	232.7274
1.261418	9108.32	310.0534	310.1097
0.254249	1339.836	20.45695	20.83579
0.780663	4918.196	142.8066	142.903
0.561754	3585.031	82.77345	82.91319
1.281763	8910.827	236.2142	236.2885
0.21937	1186.625	25.25083	25.54045
0.388634	2218.103	29.03141	29.35857
1.054927	7224.037	235.3709	235.4391
0.338428	1852.186	14.4119	15.01806
0.23601	1212.251	21.40993	21.76102
0.491396	2881.952	67.84952	68.00827
0.973617	6504.897	207.6596	207.7338
0.655367	4082.186	134.2931	134.3866
1.916787	16334.28	1119.718	1119.737
0.203347	1032.794	16.63739	17.06108
0.722043	4437.492	127.2799	127.3838
0.25901	1357.524	8.72015	9.581803
0.990168	6577.785	204.3046	204.3807
1.348308	10034.41	242.0817	242.1559
2.057166	16357.08	677.8735	677.9049
1.077656	7188.947	328.8725	328.9218
1.795311	14335.48	440.8178	440.8637
0.392953	2225.888	27.48982	27.83703
1.094321	7239.711	299.9468	300.0012
0.339493	1779.405	29.75073	30.0495
0.203856	1021.722	14.12343	14.62062
0.438621	2505.545	31.49766	31.81863
0.708956	4469.785	69.1482	69.33741
0.687287	4240.489	74.50383	74.67662
1.854509	14935.13	613.3072	613.3407
0.171941	853.0417	5.138587	6.311072
0.274003	1443.734	13.38925	13.97994
3.090993	30098.48	2156.857	2156.868
0.242765	1271.431	6.880431	7.916933
0.459262	2722.019	41.81988	42.06801
0.684174	4226.93	76.88429	77.05134
1.128758	8067.574	441.1588	441.1964
2.920886	24903.92	1250.549	1250.569
0.337509	1821.617	25.55047	25.89676
1.778088	14707.95	989.236	989.2564
1.181229	7884.498	534.268	534.2997
0.452292	2597.227	45.51277	45.73906
0.482397	2732.926	68.14695	68.30348
0.582398	3462.456	60.30023	60.49562
1.655156	12882.92	964.0983	964.1186
0.910851	6052.453	132.1547	132.2675
1.407133	9557.091	639.9093	639.9379
0.266835	1379.197	13.42848	14.01076
1.016786	6927.404	272.2417	272.2995
0.259859	1357.335	17.3424	17.79189
0.203957	1045.093	7.763428	8.635101
0.996581	6588.68	243.7095	243.7735
0.896188	5931.187	134.2218	134.332
0.868397	5518.816	165.5505	165.6384
0.304859	1651.631	23.79203	24.14612
0.350453	1909.843	23.27946	23.66597
1.516601	11333.22	581.9343	581.9668
1.329594	9800.618	366.8248	366.8734
0.438474	2483.157	42.42134	42.66016
0.622403	3740.426	125.1563	125.2539
0.292505	1584.926	13.66004	14.25654
0.939713	6555.399	252.6487	252.7087
0.109623	520.2317	1.591948	3.775251
1.856643	14291.53	644.8415	644.8733
0.536337	3267.989	51.01656	51.23748
0.480646	2726.787	46.40023	46.62937
0.111065	530.746	2.924531	4.506737
0.675334	4199.873	97.09651	97.22793
0.050524	234.1293	0.4254439	3.206274
0.463003	2635.727	31.86354	32.18988
0.994969	6383.952	185.0348	185.119
0.197479	1004.697	6.78219	7.753508
1.610361	12284.47	410.6244	410.6716
0.05565	257.4751	0.6198811	3.259352
1.717111	12651.4	468.4151	468.4575
1.322391	10393.5	688.1203	688.1462
0.214461	1096.883	7.186321	8.137633
1.067703	7607.141	303.9667	304.0197
1.415472	10280.63	401.3528	401.3985
1.051749	8100.677	425.4088	425.4464
0.444145	2511.566	44.07181	44.30327
0.89689	6251.212	238.5891	238.6511
0.510665	3044.065	132.5125	132.5955
0.55274	3305.311	60.9559	61.14389
0.415157	2366.654	33.32068	33.61581
1.505864	11271.46	570.7005	570.7336
1.10705	7444.658	236.8305	236.8998
1.29778	9721.107	374.9468	374.994
0.317996	1737.864	13.87863	14.489
0.41918	2297.247	60.81052	60.97353
0.073357	343.3203	0.566666	3.323341
0.624432	3822.282	93.65671	93.78739
1.05453	7565.012	217.9073	217.9809
0.172285	863.0118	3.513758	5.077443
0.857868	5748.73	110.8581	110.9885
0.295193	1560.985	37.13126	37.35576
0.852848	5697.141	250.0942	250.1518
1.674136	12182.41	918.0507	918.0722
0.417675	2362.966	33.73005	34.02254
0.609283	3693.516	74.31878	74.48126
0.149551	730.7274	3.794002	5.21607
0.081354	380.6394	0.7197036	3.38535
2.112695	18350.25	1031.445	1031.466
0.830457	5311.092	106.3319	106.4656
0.515425	2992.853	38.28257	38.57037
0.125556	601.3356	3.22937	4.752289
0.345407	1880.614	25.80428	26.15106
0.209383	1063.213	5.028201	6.302668
0.364032	1886.284	75.15265	75.27556
0.187891	943.5442	3.831594	5.34226
0.779228	4915.52	204.5474	204.6147
0.739628	4780.52	110.1559	110.2774
1.175958	8282.254	326.4048	326.4565
0.905379	5878.42	142.1835	142.288
0.592035	3549.595	90.90573	91.03659
0.84401	5274.327	220.0454	220.1106
0.475745	2732.393	60.16134	60.3373
0.825806	5414.613	161.337	161.4249
0.896055	6154.661	470.9063	470.9377
0.18514	932.442	5.160223	6.357026
0.092935	436.5537	1.470045	3.663506
0.986553	6825.934	222.1688	222.2387
0.644811	4084.985	69.86833	70.04643
0.05522	261.7252	0.4772306	3.233439
0.219859	1133.096	6.990125	7.974029
0.313173	1708.84	12.76645	13.42283
0.909247	6079.075	189.0647	189.1435
0.534154	3192.803	47.49455	47.73126
1.090541	7489.89	279.3163	279.3746
0.134128	654.7207	8.3305	9.043656
1.132816	8483.051	337.0113	337.0605
0.591752	3523.891	76.32815	76.48392
0.123268	594.6962	2.739495	4.426905
0.109567	531.2546	2.295837	4.121596
0.336705	1850.269	22.74608	23.13395
0.881465	5898.191	171.1531	171.2388
0.761292	5110.084	171.4382	171.5175
0.563241	3176.802	110.1075	110.2127
0.301019	1604.126	18.29857	18.75399
1.221454	8569.596	337.1301	337.1811
0.693935	4370.705	85.87963	86.03034
1.52993	11474.24	369.3749	369.4263
2.638422	21074.87	1712.253	1712.266
0.595084	3435.214	101.6685	101.7859
0.458361	2636.179	27.7838	28.15551
1.389307	9978.399	427.615	427.6576
0.270284	1416.187	12.84671	13.45757
0.699494	4435.11	95.21214	95.34868
0.172706	847.2282	9.126725	9.835777
0.332633	1819.851	15.04051	15.61755
0.495246	2862.09	55.91729	56.1106
0.172254	864.068	6.196455	7.199246
1.066574	7067.036	283.1185	283.1754