1.01843	6946.297	225.1147	225.1847
0.884708	5967.425	165.5196	165.6084
1.42712	11147.34	343.7361	343.7897
0.673969	4164.154	64.36369	64.56156
0.115072	559.0179	4.018598	5.293099
1.014528	6785.912	154.565	154.6667
0.341626	1810.581	45.94009	46.13473
0.844953	5159.311	197.0675	197.1403
0.508013	2968.153	60.18733	60.36939
0.426126	2372.185	33.33257	33.63156
1.506272	11211.29	347.563	347.6173
0.241	1259.572	6.251211	7.373465
0.833855	5153.096	177.1441	177.2246
2.034746	16374.97	734.9511	734.98
0.443347	2597.805	44.31199	44.54199
0.540505	3209.059	51.79523	52.01374
0.731135	4350.107	232.2569	232.3142
0.586737	3531.934	38.27596	38.58426
0.642016	3933.819	66.72988	66.9159
1.018816	6981.04	207.8787	207.9546
0.959643	6685.176	166.3411	166.4331
0.271449	1443.989	14.91811	15.44827
0.765329	4854.261	127.3736	127.4807
0.313234	1685.317	12.40975	13.08409
0.204956	1044.321	6.077162	7.159125
0.312658	1704.27	12.25374	12.93564
1.229744	8859.537	183.3159	183.4099
0.745785	4902.258	105.2173	105.3451
0.639724	3833.906	144.886	144.9716
0.77738	5111.813	94.19013	94.33601
0.751084	4735.103	73.64321	73.82638
0.263364	1373.959	12.43967	13.06257
1.205025	7795.714	468.5202	468.5567
0.520058	3094.59	119.7596	119.8524
0.216392	1111.341	7.99284	8.860892
0.86013	5709.034	129.0357	129.1479
1.080063	7562.855	260.5777	260.64
0.708417	4422.988	196.6785	196.745
1.558156	11862.88	361.2087	361.2617
0.290488	1542.37	10.12632	10.91521
0.942618	6309.521	254.5762	254.6358
0.980748	6636.313	190.5359	190.6171
0.624045	3882.374	57.56122	57.77354
0.260992	1384.065	38.39709	38.60257
0.588395	3616.217	95.05651	95.18126
1.112155	7804.131	220.8626	220.9371
0.145553	717.5922	2.686281	4.463138
0.955025	6629.252	233.3095	233.3749
0.058192	269.4398	0.3759679	3.232634
0.097551	467.5916	1.261369	3.602493
0.286307	1487.559	30.73558	31.00267
0.554629	3406.217	38.47196	38.76968
1.194587	8427.764	335.9854	336.036
0.964886	6516.82	138.5873	138.6981
0.262376	1382.59	8.836707	9.692604
1.551416	11682.1	493.5838	493.6225
0.906725	6055.462	109.1888	109.325
0.575075	3439.163	37.0244	37.33966
0.433368	2494.001	26.11421	26.49808
0.899882	6096.939	221.6757	221.7426
1.943817	15487.68	889.2223	889.2457
0.600111	3687.174	56.04596	56.25951
1.284113	9756.848	302.6614	302.7195
0.70214	4475.553	114.8815	114.9949
0.14905	729.0696	2.912107	4.612981
1.211702	8515.687	258.6033	258.6696
0.575112	3442.198	118.6871	118.7858
0.514507	3015.377	28.89347	29.27336
0.837299	5661.612	117.4118	117.5335
0.355908	1952.649	28.04701	28.37108
0.627696	3901.086	55.527	55.74775
1.746695	14040.18	705.4627	705.4911
1.16477	7997.823	246.4825	246.5507
0.889203	6137.554	236.1506	236.213
0.379797	2082.355	23.19191	23.5955
0.545286	3288.715	90.99453	91.11967
0.777689	5236.359	241.0419	241.099
0.303579	1618.922	18.67593	19.12411
0.759344	4732.601	131.1054	131.2089
0.149468	696.7751	17.01103	17.3835
1.198242	8610.375	238.1025	238.1741
0.493146	2853.703	28.15342	28.53458
0.34636	1855.84	22.62319	23.01848
0.202275	1018.162	7.503142	8.399154
1.353975	9807.514	212.8068	212.8914
1.86036	14675.44	517.259	517.2987
0.153233	749.023	5.849059	6.864776
0.182719	924.3338	4.619141	5.920685
1.109839	7595.557	183.7804	183.8698
0.378067	2134.581	29.17842	29.49949
0.280597	1475.836	15.09701	15.62882
0.27088	1414.122	12.1783	12.82166
0.553406	3308.086	79.5307	79.67497
0.68934	4322.058	100.6278	100.756
0.369579	2050.008	38.46676	38.70813
0.249417	1304.262	23.48577	23.81379
0.357659	1985.195	38.31734	38.55576
0.954901	6373.215	149.7568	149.8588
0.996201	6808.642	241.8772	241.9417
0.969038	6373.239	157.2925	157.3903
0.341109	1848.644	20.61528	21.04513
0.611441	3723.784	72.87556	73.04156
0.324641	1750.719	15.44245	15.9986
0.373047	2057.892	36.06984	36.32834
0.247102	1290.187	6.424921	7.532119
1.02996	6888.958	300.2582	300.311
0.163728	813.0177	4.94866	6.139195
0.364692	2024.571	22.66427	23.0689
0.177943	884.6364	3.861998	5.33883
0.520621	3102.709	43.11362	43.37073
0.836072	5764.049	104.3629	104.4997
1.196274	8304.285	183.2977	183.3906
0.970176	6497.468	332.0498	332.0962
0.100676	487.4006	2.305997	4.097595
0.264173	1368.429	21.0474	21.42195
1.205545	8417.147	248.2297	248.2985
0.448309	2511.094	53.88285	54.07325
0.323332	1739.879	23.43348	23.80295
0.444235	2567.947	21.08695	21.56657
0.730301	4656.372	76.25659	76.43091
0.713521	4547.951	77.73823	77.90716
0.760929	4854.138	81.21517	81.38243
0.25491	1336.304	9.683995	10.4614
0.144925	715.9431	2.740388	4.493999
0.397557	2266.308	46.87227	47.07795
0.905098	6012.985	265.0799	265.1359
1.658335	12670.65	606.7067	606.739
0.61862	3693.889	100.5645	100.6856
0.195879	999.1993	5.978145	7.057877
1.343883	10103.35	256.0141	256.0842
0.412553	2193.038	86.84569	86.95899
0.592552	3665.181	89.68874	89.82144
0.435098	2462.062	35.07046	35.35782
0.418369	2340.115	27.85085	28.20467
0.324327	1791.618	24.64288	24.99499
0.683723	4473.254	183.9626	184.0324
0.265197	1383.28	16.71956	17.18946
1.010735	6991.411	253.2206	253.2826
0.680959	4531.399	100.3019	100.4297
0.307066	1640.867	14.84347	15.4065
1.094241	8169.374	364.6792	364.724
1.312821	8327.157	501.8813	501.9167
0.53834	3258.459	38.44263	38.7359
0.425665	2425.976	37.08914	37.35793
1.315813	10051.01	228.7433	228.821
0.628925	3810.042	44.23465	44.51173
0.274789	1451.194	12.46206	13.09543
0.22575	1159.311	9.921346	10.64494
0.197145	998.9352	5.020126	6.269879
0.234038	1198.133	9.179138	9.967981
0.981973	6405.374	213.5536	213.6261
0.897663	6023.486	233.7358	233.7991
0.543241	3215.115	40.28062	40.56195
0.956633	6405.135	179.5394	179.6246
1.596166	11691.14	656.4757	656.5051
0.840248	5514.567	89.10845	89.26897
0.407358	2226.284	41.73559	41.96932
0.468478	2547.04	53.71061	53.90605
0.430558	2468.214	37.56148	37.82848
0.469952	2773.234	35.80585	36.09883
0.771395	5186.903	133.2665	133.3692
0.577232	3455.698	45.9152	46.1703
1.028844	6811.707	169.9102	170.0035
0.77949	4722.211	198.9887	199.0579
1.917408	13715.95	895.1699	895.1931
0.803085	5028.779	168.9159	168.9987
0.256305	1340.376	14.23833	14.77931
0.169533	841.1841	4.952523	6.155191
0.873498	5970.73	123.4113	123.5295
0.968961	6531.635	199.7603	199.8373
0.248935	1309.859	14.35441	14.88459
0.420565	2401.33	25.44288	25.83073
2.20925	18179.33	578.4883	578.5261
0.229466	1179.718	6.284243	7.380596
0.680539	4306.032	297.0618	297.105
0.355004	1960.072	24.38142	24.75307
0.106794	514.4367	2.353889	4.145041
0.700403	4216.945	117.4011	117.512
0.53165	3230.652	58.49814	58.69001
0.265807	1380.261	28.79608	29.0717
0.570579	3360.613	36.98569	37.29996
1.201244	8373.411	207.5593	207.6415
1.108905	7877.742	158.4475	158.5511
1.057775	7759.249	291.8739	291.9289
0.379527	2113.808	25.41158	25.78032
0.117573	558.0346	2.652738	4.355849
0.169436	851.6378	6.083826	7.097125
0.26627	1371.282	30.27384	30.53634
0.313513	1688.703	21.78696	22.17815
1.171051	8581.402	280.6911	280.7512
1.348009	9734.414	634.4464	634.4747
0.173189	862.6513	5.837503	6.894564
1.76961	12535.05	884.6359	884.6587
0.189048	940.4769	5.993459	7.057734
0.664194	4228.969	101.344	101.4688
1.051119	7053.716	346.9803	347.0264
0.733557	4547.147	93.11704	93.26018
0.27872	1469.938	9.485118	10.30816
0.6084	3693.799	67.85428	68.03206
0.923213	6301.25	141.6783	141.7842
0.900352	5979.378	111.9302	112.0626
0.056191	259.5235	0.8357273	3.309432
0.732769	4832.625	174.7893	174.8655
0.454808	2648.498	61.42197	61.59032
0.200317	1024.128	6.794365	7.769108
0.659282	4149.642	54.80403	55.03359
0.218129	1108.211	7.953974	8.828499
0.313485	1671.725	16.04629	16.57352
0.45184	2587.299	40.83847	41.09038
0.940158	6302.821	197.4815	197.5582
0.43806	2546.539	44.76239	44.98867
1.147988	8435.613	208.776	208.856
0.405201	2319.466	34.79907	35.0783
0.343782	1888.635	21.01456	21.43799
1.185319	7815.485	455.4468	455.484
1.080353	7614.773	168.4376	168.5339
1.776251	13712.02	519.9495	519.9883
0.288309	1533.073	10.50555	11.2654
0.193447	969.0712	3.455283	5.093961
1.811413	14146.67	458.8198	458.8641
0.503782	2972.566	67.85979	68.02061
0.230014	1197.313	8.960527	9.761518
0.16786	824.2808	4.990951	6.182463
0.57551	3487.326	50.01678	50.25068
0.990787	7480.922	297.6819	297.7342
1.160496	8091.038	189.1231	189.2118
0.681985	4218.681	47.62919	47.89793
0.104807	505.2677	2.280958	4.097415
0.84554	5660.159	135.0488	135.1552
1.356157	10065.74	328.8725	328.9273
0.789688	5163.643	183.7589	183.8343
0.494442	2848.872	91.63867	91.75665
0.738256	4652.991	180.0019	180.0762
0.298603	1611.603	20.92901	21.32686
1.166424	8429.334	238.7135	238.784
0.478334	2768.731	82.51575	82.6445
0.830999	5293.281	229.1152	229.1773
0.375449	2088.624	27.3837	27.72439
0.770534	4770.564	109.0211	109.1466
0.598161	3466.163	94.67001	94.79637
0.222512	1125.502	6.495821	7.549196
0.147072	726.7846	2.960147	4.637624
0.649827	4044.363	62.12586	62.32691
1.314655	9481.137	296.1245	296.1845
0.857863	5686.101	179.6609	179.7414
0.421298	2388.824	42.73299	42.96525
1.026345	6829.999	135.3207	135.4376
1.023594	6880.976	233.7143	233.7819
0.263316	1375.423	13.94502	14.50336
0.129614	626.6988	2.797056	4.482214
0.992636	6836.1	141.7347	141.8445
0.684418	4208.852	73.34425	73.51938
0.204105	1036.085	9.04237	9.801154
0.590924	3342.022	104.0317	104.1459
0.523905	3203.09	42.32371	42.58646
0.480359	2792.815	38.73585	39.00996
0.283315	1484.037	17.08947	17.56308
0.465489	2613.181	48.47153	48.68728
0.086813	411.6059	1.293485	3.572871
0.31375	1709.785	23.15593	23.5245
0.232603	1213.703	15.27035	15.75592
0.437607	2438.885	45.2308	45.45463
1.661316	13046.05	518.352	518.3899
0.640046	4019.572	85.75543	85.90003
0.121667	587.2185	2.97019	4.568453
1.197382	8334.457	211.6117	211.6922
1.290854	9819.309	301.5238	301.5823
0.219419	1132.535	9.412447	10.16394
1.413197	10511.01	296.7389	296.8008
1.366061	9908.026	275.6362	275.7018
0.648954	3867.825	66.10498	66.29383
1.023658	7217.788	221.1648	221.2362
0.222871	1138.656	5.785909	6.948458
1.179322	8238.606	153.1955	153.3059
0.553335	3302.616	59.36542	59.55855
0.505355	2781.85	73.5811	73.72969
0.522379	3047.415	50.53302	50.75295
0.130299	626.5732	3.670958	5.075573
0.451261	2541.712	44.09887	44.3321
0.115258	549.8005	1.879049	3.924754
0.274166	1447.065	9.981609	10.7612
0.783502	5070.987	206.2322	206.2991
0.640775	4042.32	99.40721	99.53205
1.078104	7906.687	255.7306	255.7939
0.672632	4253.367	62.34559	62.54963
0.130862	631.8666	2.28312	4.184923
0.743973	4669.154	71.61036	71.79778
0.208018	1059.974	8.734779	9.523671
0.22881	1185.354	10.02288	10.74346
0.527555	3092.519	56.31245	56.51092
0.108296	508.8931	2.994308	4.543972
0.56216	3470.877	135.8918	135.977
1.51527	12086.23	874.4494	874.471
0.306961	1661.925	16.42479	16.93525
2.127142	17100.68	828.3569	828.3829
0.400446	2226.136	44.19912	44.41798
0.309242	1630.79	22.10032	22.4836
0.776797	5090.901	126.6683	126.7768
0.089193	421.1423	0.7982918	3.434364
0.568033	3376.281	61.68644	61.87494
0.485943	2799.807	49.25941	49.47656
0.588994	3530.087	41.31956	41.6059
0.704782	4550.817	106.4452	106.5678
0.458191	2621.789	33.0448	33.35788
0.214227	1098.566	6.778162	7.77914
1.881251	14889.49	1010.861	1010.881
0.32678	1755.924	16.32954	16.85807
0.833781	5441.989	105.4737	105.6088
0.575585	3534.163	76.08544	76.23942
0.963895	6638.007	233.9875	234.0531
0.500483	2932.929	50.73958	50.95372
0.087075	403.4374	0.9473456	3.463662
0.576457	3520.419	54.55088	54.76562
0.74138	4633.159	90.46646	90.61462
0.188526	941.0395	5.544232	6.6794
1.603816	11992.85	259.4288	259.5034
1.048954	7069.384	143.7299	143.8412
0.30725	1635.412	17.34942	17.83364
0.233168	1205.643	23.21317	23.53576
0.598816	3534.901	39.69455	39.99515
0.246268	1278.273	5.950782	7.130412
1.51075	11115.6	394.322	394.3699
0.616534	3805.004	76.76681	76.92511
0.684611	4334.588	192.2824	192.3493
0.216324	1111.871	4.943138	6.250015
0.534799	3121.602	52.04487	52.26111
1.417128	10424.38	584.9109	584.9423
0.365237	2051.435	22.49812	22.90598
0.984429	6766.41	216.3394	216.4111
0.712057	4494.584	94.05955	94.19906
1.103591	7844.127	146.9294	147.0409
0.294849	1552.111	25.2164	25.54565
0.471775	2716.961	46.32362	46.55091
0.224798	1144.837	12.0424	12.64419
0.520526	3168.777	210.7571	210.8098
0.303331	1632.343	16.24576	16.75886
1.435192	10713.14	283.0636	283.1288
0.238262	1234.95	6.071648	7.216789
1.049649	7179.317	289.814	289.8692
0.548818	3291.474	56.048	56.25163
1.334918	9798.107	546.4696	546.5024
0.447676	2590.386	23.57614	24.00779
0.239671	1243.578	12.27409	12.88053
0.040831	187.6556	0.268219	3.147533
0.441632	2647.707	64.85625	65.01329
1.708794	12931.41	494.4151	494.4552
0.145496	711.3589	3.651671	5.102611
0.330774	1782.808	28.04319	28.35602
0.452266	2570.402	50.2097	50.41491
0.991009	6577.409	323.7102	323.7583
0.666521	3926.436	92.13845	92.27597
2.937453	25058.42	1794.953	1794.966
1.359547	10399.55	263.293	263.3615
0.173004	863.1865	3.617792	5.151888
1.018623	6323.807	355.1551	355.1995
1.404191	10776.53	573.0112	573.0431
0.116524	560.2393	4.086213	5.34834
0.497235	2902.453	47.54756	47.77523
0.668343	4002.227	198.4952	198.5592
0.523454	3155.522	44.52144	44.77118
0.552116	3309.352	66.55527	66.72739
0.393036	2249.902	42.8215	43.04524
0.49482	2861.033	34.25524	34.56975
0.904209	6042.516	272.772	272.8264
0.435673	2430.454	37.81454	38.08138
0.069005	318.1966	0.6304859	3.3169
0.981728	6791.152	197.2337	197.3122
0.220914	1127.457	15.31648	15.7907
0.729721	4641.641	89.86228	90.0102
0.412737	2354.206	35.80355	36.07756
0.164724	820.0943	5.459735	6.560211
0.72858	4416.299	107.4432	107.5669
0.565696	3404.255	42.96401	43.23361
0.057573	264.6182	0.6957369	3.282637
0.513218	3062.655	50.31203	50.53086
1.026944	7144.398	205.9133	205.9902
0.327241	1790.254	14.03415	14.64617
0.183721	916.7966	4.465066	5.803629
0.417749	2424.517	39.19423	39.44624
0.40065	2266.555	24.16287	24.56103
1.434255	10803.46	420.0012	420.0452
0.129118	629.5763	2.820775	4.495541
1.15562	8212.801	139.8892	140.0089
0.141713	696.2944	2.368698	4.267208
0.419572	2404.254	30.63106	30.95358
0.71696	4450.292	174.3372	174.4128
0.790257	5290.097	91.23492	91.38681
0.99664	6971.553	149.4319	149.5363
0.333045	1787.69	21.02192	21.43882
1.160286	8344.51	330.6437	330.6944
0.726971	4382.154	134.0754	134.1744
0.432182	2456.807	36.77526	37.04845
0.468899	2688.629	95.72749	95.83734
0.610053	3765.689	48.12467	48.37538
1.591464	11601.7	350.8423	350.8973
0.385748	2138.414	25.61415	25.98299
2.234754	18435.37	825.6863	825.7129
0.554266	3224.731	73.59318	73.74919
1.638811	11580.22	737.8861	737.9125
0.317283	1706.414	13.50787	14.1336
0.415698	2386.649	49.08193	49.2829
1.371285	10078.05	568.434	568.4659
1.039469	7701.987	380.4511	380.493
1.085487	7687.515	217.8369	217.9115
1.33829	10119.03	354.0789	354.1295
0.445842	2524.739	37.94544	38.21456
0.964741	6124.894	170.0865	170.1767
0.407317	2324.134	31.01991	31.33366
0.295226	1577.814	22.52605	22.89424
0.519777	2944.673	76.07719	76.22307
0.172623	859.8641	3.367937	4.978569
0.397305	2226.752	63.12672	63.27954
0.194586	988.606	3.744479	5.297308
0.681225	4067.908	193.8812	193.9474
0.730355	4688.383	88.07408	88.22506
0.536446	3275.565	66.61985	66.7892
1.197859	7498.975	485.8302	485.8652
0.975457	6667.619	146.7959	146.9011
0.155528	772.6157	3.061397	4.727428
0.626669	3845.486	48.69875	48.95009
0.733019	4329.124	161.369	161.4517
0.208343	1061.988	13.77226	14.28593
0.51715	3033.084	32.21865	32.56069
0.996134	7173.136	267.9024	267.9607
1.053001	7513.49	455.8683	455.9034
1.493168	11100.55	544.1413	544.1758
0.544439	3218.974	68.62657	68.79227
0.352816	1947.365	22.37449	22.77768
0.816453	5081.093	143.5053	143.6036
0.773055	5043.861	96.87893	97.02036
2.861342	21338.18	1235.629	1235.648
0.093159	441.3834	1.210044	3.567996
0.547443	3006.094	98.51164	98.62749
1.179072	8017.85	333.2323	333.283
1.086825	7976.361	347.2501	347.297
0.947293	6003.724	196.8249	196.9022
1.475078	10307.59	613.1475	613.1779
0.921012	6116.992	153.5681	153.6657
1.354304	9906.197	294.8809	294.942
0.279183	1445.065	21.09514	21.47808
0.276382	1476.998	32.37818	32.62783
0.733456	4429.782	119.7472	119.8586
0.082805	396.0123	1.0718	3.48298
0.532363	3240.758	59.37773	59.5669
0.505708	3005.875	52.76794	52.97501
0.271349	1424.66	10.96126	11.67243
0.522328	3053.203	37.97309	38.26526
0.864338	5696.733	176.3651	176.4474
1.230197	9256.352	654.1483	654.1747
0.397079	2309.402	32.477	32.77297
0.274865	1447.85	16.12971	16.62398
0.330214	1816.281	14.94733	15.52584
0.520394	3184.387	61.44174	61.62238
1.54902	10387.48	433.26	433.304
1.044225	7212.256	262.5885	262.6493
1.134928	7811.263	265.1834	265.246
1.416101	10121.05	563.9756	564.0081
1.062355	7381.764	168.3621	168.4576
0.294705	1577.664	17.0329	17.51655
0.89521	5861.413	200.2495	200.3233
0.758473	4804.788	83.19106	83.35408
0.390366	2166.228	18.09159	18.61321
0.147124	726.9536	5.897746	6.894194
0.448306	2574.33	20.56458	21.05841
0.018145	77.66714	0.0342498	3.036558
0.574092	3547.298	77.93933	78.08945
0.702872	4460.988	82.06572	82.22449
0.304877	1633.86	18.97768	19.41977
0.579225	3692.237	106.0457	106.1566
0.249114	1317.838	10.01412	10.76055
1.649843	11852.63	596.3782	596.411
0.566772	3412.414	112.5935	112.6968
0.789419	5032.239	73.04547	73.23499
0.236578	1218.288	15.97186	16.43996
0.814124	5167.659	159.5876	159.6759
1.667785	12234.86	881.8415	881.8638
0.629949	3851.729	102.0223	102.1428
0.265975	1411.077	15.27544	15.78903
0.332975	1807.999	26.13345	26.46993
0.890957	5758.723	154.1856	154.2812
1.517014	11235.02	669.5856	669.6139
0.65466	4071.472	53.55213	53.78616
2.107732	16384.3	1242.477	1242.494
0.658589	3323.298	266.872	266.9192
2.236862	17522.94	1036.796	1036.817
0.936363	6959.547	271.0591	271.1149
1.29398	9284.966	586.2449	586.275
0.446291	2542.386	40.0442	40.29943
1.560351	12899.78	702.2273	702.2545
0.324611	1774.869	19.27383	19.72222
0.670663	4085.418	131.772	131.8686
0.188536	942.5939	7.184522	8.092806
0.485072	2779.105	50.44854	50.66039
0.554301	3279.899	77.48525	77.63345
0.55048	3304.741	66.20879	66.38153
0.260567	1364.292	9.732523	10.51348
1.186958	8282.229	315.2632	315.317
0.651409	3989.345	52.12934	52.36909
0.214351	1076.986	10.44799	11.12364
0.116595	570.1235	1.21191	3.657634
0.495694	2923.369	74.2332	74.37899
0.288618	1542.757	17.23693	17.71052
1.207799	8645.627	387.4303	387.4744
0.831206	5426.926	89.75282	89.9113
0.312978	1690.766	37.4638	37.69245
0.706658	4489.074	101.8188	101.9472
0.917934	6194.688	131.0123	131.1265
0.820459	5572.108	187.823	187.8983
0.326836	1732.867	19.81427	20.2521
0.120589	583.1367	2.311378	4.166728
0.233219	1198.928	16.82328	17.26571
0.297904	1579.71	12.73566	13.37873
1.110036	7677.037	144.0758	144.1898
1.757736	13932.86	754.1405	754.1672
1.418047	11900.5	614.5713	614.6011
0.807392	5308.642	140.9223	141.0218
0.142513	693.5513	3.881205	5.261559
0.67073	4262.143	102.1588	102.2833
0.43846	2512.111	23.85318	24.27536
0.694755	4249.736	93.32451	93.4633
0.211284	1075.471	5.569107	6.745894
0.582277	3544.075	48.53352	48.77605
1.196967	8500.206	255.5056	255.5723
0.496223	2737.223	68.5792	68.73708
0.526976	3061.99	59.39085	59.57896
0.645891	3939.215	147.5481	147.6326
0.843863	5190.629	325.8175	325.8615
1.038051	7168.405	248.8572	248.9211
2.244585	19774.08	1212.579	1212.597
0.970758	6689.739	114.3656	114.5002
0.881563	5980.789	150.449	150.5465
1.01983	7258.238	199.6063	199.6854
0.870896	5748.259	86.70778	86.87579
0.552642	3304.302	96.09801	96.21736
0.152232	750.8823	2.435218	4.337807
0.430346	2411.834	47.22041	47.43301
0.569615	3497.338	60.56472	60.75698
1.618349	13041.83	486.2018	486.2417
0.351856	1858.617	54.97841	55.1435
0.815691	5141.934	107.4285	107.5597
0.661362	4222.886	71.989	72.1642
0.720673	4395.259	103.1388	103.2669
0.00946	42.90837	0.01318906	2.997549
0.26394	1382.568	7.121749	8.162103
0.087068	415.3347	1.139243	3.520962
0.747257	4682.965	85.48076	85.63819
0.12124	593.4268	6.063252	6.985702
1.029919	6927.76	202.3039	202.3822
0.908328	5735.701	188.0297	188.1089
0.308421	1633.885	10.20702	11.01136
0.494872	2892.956	50.72982	50.94273
0.413177	2354.477	25.64789	26.02924
0.365272	2033.844	42.00066	42.22055
1.552409	12259.89	590.7105	590.7429
2.158333	18216.6	973.2238	973.2461
0.224321	1163.768	5.871032	7.022274
0.153996	761.1326	2.607186	4.442066
0.51967	3032.687	65.81018	65.97874
0.316187	1690.557	16.09303	16.62087
1.341486	9346.519	265.6335	265.701
1.279278	9209.295	328.8246	328.878
0.069758	322.1069	0.4466358	3.290048
1.110136	7530.872	535.1947	535.2254
0.235514	1204.104	6.231196	7.346523
0.275799	1445.735	11.7168	12.3894
0.803756	5676.956	192.3944	192.4671
1.173421	8079.321	154.4105	154.5197
1.824715	14317.81	684.9787	685.0084
0.649892	4046.61	66.7056	66.8929
0.495082	2832.859	29.89655	30.2565
0.670872	4007.1	84.02065	84.17196
0.830403	5374.367	100.6635	100.8048
0.192394	970.2401	5.001546	6.244705
2.758972	21809.68	1358.459	1358.476
0.553489	3301.182	101.8486	101.9613
0.459545	2642.492	49.89828	50.10648
1.466985	12170.36	884.7188	884.7398
0.779786	4934.997	164.1903	164.2742
1.561078	11888.02	487.2631	487.3023
0.767032	4930.421	170.1603	170.2405
1.480286	10070.98	537.4023	537.4372
1.175125	8411.244	283.9461	284.0056
0.48712	2829.023	49.90003	50.11468
0.283715	1497.328	26.57968	26.88682
0.946436	6292.015	144.4311	144.5364
0.247148	1252.445	11.82925	12.46537
0.236393	1202.161	10.54635	11.24245
1.12355	8147.979	293.5471	293.6034
1.776882	13809.32	659.8803	659.9109
0.38273	2129.382	32.84019	33.12755
0.192801	969.2588	12.67269	13.21321
0.179967	917.3548	6.518087	7.491904
0.890453	5837.322	144.3672	144.4693
0.753447	4722.991	181.2428	181.3174
0.116393	563.8008	2.004045	3.990014
0.231802	1202.371	12.58763	13.17166
0.804876	5091.439	298.3777	298.4246
0.20676	1073.206	8.507203	9.313563
0.696353	4414.906	120.7004	120.8079
2.201784	17626.26	1099.14	1099.159
0.430655	2458.115	59.0211	59.19139
1.536287	11967.45	706.5137	706.5406
1.054642	7624.312	312.5854	312.6367
0.644513	3934.744	82.02213	82.17385
0.910522	6341.711	185.9514	186.0316
0.524391	3205.817	64.92537	65.09704
0.179621	901.1672	5.427745	6.564615
0.803748	5099.563	144.2231	144.3201
1.512669	11700.68	480.1173	480.1566
0.977339	6743.337	121.8134	121.9402
0.312636	1685.753	14.92448	15.48923
0.479127	2745.677	42.57862	42.8278
0.389166	2195.565	29.4748	29.79732
0.180122	910.0452	3.727682	5.248143
0.974506	6658.48	148.2527	148.3567
0.902773	6299.323	232.369	232.4329
1.383251	10798.23	357.8641	357.9148
0.395533	2197.676	22.27668	22.70515
0.154262	757.9343	16.06773	16.46553
0.292317	1567.008	15.8996	16.41477
0.373935	2065.418	20.0607	20.5224
0.301707	1614.821	12.99542	13.62987
1.633183	11874.28	426.9149	426.9606
0.304369	1629.463	17.94346	18.41003
1.77831	14356.03	1042.691	1042.71
0.259699	1376.654	17.68965	18.13041
1.322472	9764.017	686.1714	686.1974
0.700821	4419.527	77.66475	77.83224
0.300912	1616.583	17.29405	17.77515
0.132319	642.7939	3.997578	5.321797
0.375459	2104.932	21.05186	21.49315
0.865945	5966.918	125.1246	125.2408
0.22516	1157.837	5.808087	6.971351
0.31181	1677.241	10.37304	11.16936
0.687461	4468.567	120.1003	120.2076
0.353723	1984.277	34.54003	34.8029
0.474938	2789.294	60.35714	60.53237
1.690072	12341.65	569.6368	569.6715
0.132782	645.0174	2.481208	4.302323
1.023441	7137.842	252.1264	252.1891
0.648603	4127.348	71.28772	71.46283
0.905208	6012.609	93.25766	93.41698
0.092979	431.2435	2.547218	4.213047
0.745853	4650.71	68.98909	69.18387