0.781925	4980.883	87.06555	87.22383
0.645446	3994.45	102.4539	102.5755
0.299039	1588.796	17.00486	17.49251
0.561753	3389.67	57.30728	57.50893
0.2491	1277.687	10.62286	11.32924
1.415907	11288.69	505.4562	505.4925
0.330774	1791.502	31.64447	31.92203
0.509227	3011.849	34.17254	34.4926
0.191045	959.497	14.35204	14.82988
0.617427	3655.32	106.6261	106.7402
2.972647	25837.77	1242.729	1242.749
0.243268	1258.584	9.903669	10.65052
1.623462	12690.58	446.857	446.9005
0.479626	2762.752	141.2215	141.2969
0.284168	1511.853	12.13788	12.79696
2.390699	18590.05	1171.453	1171.473
0.963915	6674.447	197.0252	197.103
0.747221	4756.576	93.46287	93.60688
0.843643	5457.17	118.2077	118.329
0.971236	6623.61	143.5247	143.632
1.124639	7846.985	200.4406	200.5231
1.023375	7175.899	555.7018	555.7302
0.204956	1046.443	6.077162	7.159125
1.414353	10294.82	236.7563	236.8338
0.752473	4923.532	114.2333	114.3515
0.236393	1205.868	10.54635	11.24245
0.819434	5384.007	142.0092	142.1087
0.439322	2496.914	33.90647	34.20509
1.003293	6950.025	267.2914	267.3499
0.724355	4760.039	153.5844	153.6706
1.412229	10310.85	223.4693	223.5513
0.152161	755.1417	13.25969	13.73695
0.082805	388.6875	1.366619	3.584696
0.983495	6538.246	168.5953	168.6873
0.737501	4802.344	192.1548	192.2244
1.605436	11634.46	540.5081	540.5439
1.031923	7094.341	334.8152	334.8625
0.446291	2489.066	41.60212	41.84786
0.304592	1664.365	16.53628	17.0416
0.534595	3133.284	105.7227	105.8293
0.194179	987.1673	3.424475	5.07507
0.539324	3185.176	52.04182	52.25904
1.031545	6938.94	122.0299	122.1598
0.405145	2321.897	22.89967	23.32178
1.276027	9765.419	472.2217	472.2588
0.707989	4500.506	113.4296	113.545
0.262422	1438.218	70.11456	70.22757
0.843594	5503.738	109.3071	109.4383
0.040606	188.688	0.3209815	3.151496
2.09646	18801.9	1067.577	1067.597
0.173148	859.5043	6.248851	7.246074
0.673242	4280.319	54.16374	54.39859
0.320902	1748.838	15.43019	15.98376
0.100319	474.7675	2.257317	4.069194
1.125754	7217.065	612.6201	612.6471
0.124804	608.6127	3.438981	4.895037
0.530358	3257.895	86.45887	86.58863
0.456855	2613.131	54.8079	54.99694
0.425228	2430.545	19.18293	19.69733
0.694154	4241.112	113.5058	113.6199
0.67659	4131.506	110.3749	110.4906
0.133194	645.3971	3.035028	4.645027
2.334521	19973.71	874.2138	874.2394
0.41924	2344.395	24.92664	25.32177
0.945582	6375.988	165.6964	165.7881
0.285432	1532.323	16.82273	17.30524
0.443352	2524.24	38.64526	38.90877
1.062246	7285.29	233.9681	234.0369
0.323332	1723.752	26.65758	26.98293
0.288878	1538.861	10.83288	11.57189
0.883044	5595.931	106.1669	106.3051
1.061185	7316.004	232.2976	232.3669
0.835169	5632.828	134.161	134.2673
0.642095	3973.39	57.35855	57.57487
0.425591	2424.368	28.75433	29.10018
0.50359	2930.507	53.67791	53.88103
0.337892	1834.488	21.18673	21.60331
1.398432	10442.3	375.2715	375.3201
0.867797	5761.418	142.8529	142.9548
0.299344	1620.876	12.08728	12.76453
0.962907	6323.404	226.1855	226.2533
0.691567	4578.736	94.59396	94.73056
0.824145	5718.455	171.2564	171.3391
0.113012	539.5511	1.586785	3.785382
0.272306	1426.551	10.67513	11.40526
0.402822	2197.428	22.53526	22.96282
1.286864	10330.26	295.1125	295.1722
0.57204	3360.658	80.83385	80.97833
0.201605	1025.692	5.222983	6.442831
0.496388	2874.684	40.14956	40.41867
0.982898	6644.308	134.0693	134.1848
0.369988	1995.763	26.93243	27.27625
0.451765	2584.271	59.53891	59.71196
0.90695	6239.786	179.8426	179.9253
0.405	2275.937	32.96135	33.25594
0.918517	6143.308	148.2261	148.3271
1.043588	7228.013	160.0768	160.1764
0.338541	1774.983	35.3791	35.63036
0.242132	1283.567	8.697399	9.537575
1.202486	9113.25	556.755	556.7857
0.981728	6815.498	206.2973	206.3723
1.236033	9048.726	231.2287	231.3034
0.772394	4794.78	109.0938	109.2193
1.179435	8318.326	309.0446	309.0993
0.86036	5563.857	121.8285	121.9474
0.597751	3627.376	47.08638	47.33983
0.700536	4499.665	121.8519	121.9587
1.256977	8885.166	393.4741	393.5183
0.220956	1150.102	9.792704	10.51902
0.640497	3879.963	62.22448	62.42368
0.512516	2886.675	154.629	154.7003
1.093055	7753.151	320.0722	320.1232
0.421425	2586.702	70.22691	70.36851
0.328125	1780.72	17.2773	17.77865
1.200138	8713.564	271.1229	271.1858
0.783592	5112.058	268.5851	268.6365
1.15567	7617.011	262.8007	262.8644
0.568757	3368.778	50.74083	50.96997
0.856491	5931.336	238.9448	239.0053
0.246268	1281.609	6.015785	7.184751
0.193533	983.2673	4.180939	5.611777
2.877768	26770.15	1453.648	1453.664
1.158575	8552.936	316.3722	316.4252
0.680694	4333.949	89.46248	89.6057
0.311837	1698.023	28.64244	28.94037
2.094956	17764.67	1005.345	1005.367
0.773552	4951.643	180.0537	180.1298
0.359777	1945.146	39.08292	39.31737
0.777591	4918.106	145.2083	145.303
0.170778	850.9668	4.281167	5.632161
0.210308	1063.852	9.22812	9.981182
1.16631	7907.313	231.5438	231.6164
1.312978	9926.854	396.3967	396.4415
0.143704	705.9104	4.857455	6.020609
1.23792	9375.572	654.9287	654.9551
0.467674	2698.721	21.74888	22.22672
0.44407	2539.106	24.32799	24.74479
0.93553	6441.606	293.9866	294.0381
0.437309	2438.339	48.59539	48.80372
0.476501	2659.332	66.08784	66.24819
1.020361	6749.772	173.8498	173.9405
0.305083	1642.473	15.97634	16.4992
1.970896	15696.24	1004.17	1004.191
1.293256	9746.511	491.1768	491.2127
0.723764	4491.493	99.03488	99.16853
0.988277	7187.316	219.0426	219.1135
0.0487	220.3297	0.9190027	3.300606
0.505899	2886.382	105.5307	105.6344
0.323688	1786.017	52.83185	52.99685
0.429697	2488.583	55.04957	55.2319
0.096662	465.2372	2.510391	4.202924
0.528893	3066.365	41.55837	41.82727
0.439395	2477.813	24.87711	25.28265
1.483434	10785.25	456.8076	456.8486
0.641795	3939.839	100.5533	100.6768
0.326324	1798.012	19.56186	20.00488
0.2011	1038.219	12.51457	13.07025
0.349235	1929.231	27.99547	28.31715
1.382093	10544.62	684.9367	684.9632
0.293346	1573.333	16.26413	16.7689
1.157477	8003.98	280.4566	280.5164
1.403132	10419.29	276.4073	276.4734
0.926162	6274.486	200.0483	200.1235
0.208488	1060.047	13.30898	13.84
0.432993	2488.846	24.43412	24.84379
1.014907	6945.804	226.0628	226.1324
0.280597	1487.857	17.60958	18.06757
0.351856	1915.502	69.52988	69.6605
1.739349	12944.19	541.4307	541.4677
0.713175	4425.666	91.56354	91.70696
0.709112	4358.051	63.91018	64.11488
1.325775	10062.41	399.985	400.0296
0.863786	6111.717	348.6312	348.6728
0.51223	2947.954	146.1188	146.1942
0.918703	5974.212	145.7601	145.8628
0.549532	3387.012	72.81126	72.96823
0.31375	1712.699	32.33407	32.59903
0.513974	3030.386	114.526	114.6224
0.595583	3955.988	203.5378	203.5964
1.17226	8300.158	265.5891	265.6525
0.343769	1867.64	19.4832	19.93917
1.102867	8077.508	263.9619	264.024
0.765392	5113.961	193.0419	193.1125
1.239348	8855.44	159.5676	159.676
0.372901	2044.148	34.59234	34.86174
0.88039	5734.38	107.6134	107.7495
0.307779	1700.945	30.7746	31.05038
0.370259	2070.751	21.24929	21.68356
0.572075	3383.843	88.96657	89.09786
1.732708	13324.61	654.3588	654.3893
0.722589	4509.723	151.8675	151.9546
0.872155	5767.933	174.9661	175.0495
1.493191	10755.67	520.3987	520.4348
0.41428	2368.028	46.33701	46.54946
0.185513	933.7815	7.173594	8.078024
0.541902	3204.82	43.8724	44.13051
1.144393	8419.324	358.369	358.4155
0.98631	6785.22	159.696	159.7931
0.437909	2491.036	38.05091	38.3168
0.644369	3887.05	94.9644	95.09546
0.613416	3588.131	98.44787	98.57103
0.294707	1562.21	16.28852	16.79362
0.232647	1189.914	11.33121	11.97761
0.588395	3523.51	116.448	116.5499
0.727113	4616.514	75.29636	75.4725
0.948998	6250.938	130.1538	130.2708
0.481354	2716.053	48.36095	48.58101
0.208818	1066.374	12.9556	13.50085
0.784832	5443.881	186.8897	186.9636
0.448181	2578.061	39.48909	39.74845
1.462442	9727.898	890.5237	890.5446
0.43884	2489.961	24.26536	24.68068
0.213741	1101.82	7.410995	8.335544
0.191136	963.3577	8.321101	9.120717
1.13534	7718.583	390.8719	390.9144
0.42661	2439.973	30.86256	31.18542
0.450215	2587.98	94.65491	94.76366
0.234255	1213.772	5.204524	6.495918
1.21867	7900.307	588.1353	588.1645
0.256961	1360.152	21.60412	21.96482
0.839552	5513.203	90.60008	90.75789
0.361431	2008.791	15.67933	16.2562
0.569262	3443.971	74.92172	75.07717
2.041833	15876.03	793.2046	793.2314
0.60547	3633.667	52.20739	52.43766
0.119792	576.9176	2.631904	4.350196
0.790591	5017.215	187.9868	188.0606
0.145116	728.1788	6.503987	7.415752
1.710576	12378.21	567.3375	567.3725
0.228035	1159.533	8.954364	9.753139
0.799866	5116.155	100.3068	100.4458
0.129147	631.249	3.009096	4.616121
1.096954	7789.684	264.5449	264.6067
1.228561	9340.879	296.7546	296.8127
0.560416	3261.299	91.66516	91.79121
0.069648	324.2716	0.8976374	3.380484
0.569075	3415.612	58.80492	59.00281
0.480603	2831.822	87.4267	87.54852
1.588872	12084.55	974.8008	974.8206
0.871118	5736.396	144.4127	144.5136
1.162998	7580.16	600.229	600.257
0.395355	2228.149	27.94683	28.28948
0.769915	4849.823	101.3719	101.5068
0.397822	2204.77	64.92618	65.07487
0.831393	5364.437	127.5331	127.6447
1.067389	7475.558	253.4258	253.4895
0.783418	5016.496	86.91308	87.07179
0.058107	271.9987	0.5151281	3.2514
0.205777	1040.518	19.13819	19.50932
0.323423	1757.04	13.29316	13.93423
0.508055	2914.921	60.15039	60.33257
0.819224	5923.518	339.3292	339.3708
0.521712	3055.997	62.09079	62.26979
0.928207	6047.077	227.933	227.999
0.936113	6422.823	448.3349	448.3686
0.294889	1580.096	26.54865	26.8616
1.535975	11793.11	543.5742	543.6092
0.383997	2153.881	20.28982	20.75246
0.503365	2911.619	30.18455	30.54422
0.040831	192.6983	0.268219	3.147533
0.464977	2632.351	38.01195	38.28652
0.345855	1901.092	19.35952	19.81967
0.766677	5116.169	110.0135	110.1375
2.239461	14353.17	1253.073	1253.09
0.665679	4204.512	88.48258	88.62567
1.169134	8571.822	308.0978	308.1525
0.56044	3338.248	47.99318	48.23349
0.554306	3211.209	69.36153	69.52705
4.241808	41839.83	2098.982	2098.995
0.341718	1872.937	25.99368	26.33618
0.938156	6301.931	184.9906	185.0724
0.257027	1336.566	8.145158	9.058747
0.501607	2970.507	52.45941	52.6668
0.490745	2802.265	83.9469	84.07517
0.564812	3353.469	51.69061	51.91473
0.233007	1192.537	8.51348	9.357125
0.82527	5156.678	227.8666	227.9289
0.592552	3538.908	101.5825	101.6997
0.739431	4649.135	102.1027	102.2338
0.396776	2218.89	45.93773	46.14737
1.280562	8728.674	557.9867	558.0181
0.566742	3362.39	62.504	62.68981
0.787437	5104.509	112.7065	112.8292
0.980473	6646.168	171.0022	171.0927
0.594915	3617.279	90.02586	90.15835
1.18087	8182.499	241.9166	241.9865
0.369579	2046.466	51.66438	51.84435
0.477464	2749.851	41.14361	41.40096
0.43672	2475.858	37.95776	38.22392
0.256549	1330.755	18.92044	19.331
0.530603	3106.833	53.77165	53.9801
0.357659	1962.709	46.63726	46.83334
0.428237	2424.349	76.45572	76.58687
0.40175	2292.258	22.1688	22.60271
0.305958	1651.099	16.74916	17.24927
1.223567	8751.418	328.0395	328.0919
0.752673	4914.675	304.7711	304.8154
1.082575	7236.37	436.549	436.5862
0.506687	3007.167	87.67004	87.79496
0.260382	1368.6	9.221151	10.04171
0.179386	904.3361	3.26134	4.92582
1.098762	7481.378	188.1596	188.2465
1.677792	11873.88	686.1798	686.2085
0.406887	2246.476	55.95305	56.1275
0.416287	2301.944	25.47497	25.86034
1.159029	7991.625	284.0887	284.1477
0.884274	6287.613	343.9171	343.9598
1.102645	7322.178	474.3234	474.358
0.411939	2362.418	44.92367	45.14213
0.192598	958.522	12.27593	12.83296
0.451987	2582.908	33.63582	33.94128
0.279579	1490.569	18.89069	19.31765
0.564177	3376.726	65.83003	66.00605
0.512468	2971.652	70.72706	70.88277
0.39908	2210.447	21.80176	22.24136
0.564552	3457.568	45.24246	45.49829
0.765102	4696.203	165.6964	165.7786
1.45568	11130.36	292.5667	292.6302
1.113401	7848.209	286.0264	286.084
0.143601	699.0346	5.437595	6.497499
0.444805	2524.296	41.5351	41.78081
0.477564	2818.942	50.44185	50.652
0.896416	5944.188	177.3025	177.3859
0.90419	6006.093	191.1686	191.2463
0.232846	1184.245	12.94496	13.51459
0.095307	454.0993	2.661878	4.290794
0.34636	1916.454	24.6609	25.02402
1.330846	9999.077	732.1199	732.1443
1.852166	14422.57	375.6971	375.7516
0.627339	3685.881	94.50476	94.63459
0.91957	6054.022	151.0967	151.1959
0.319088	1711.269	14.04445	14.64887
1.263951	9226.975	389.9966	390.0413
1.054642	6966.463	371.4468	371.4899
1.180469	8444.839	175.3766	175.473
1.24934	8394.254	475.4539	475.4905
0.388549	2151.538	50.22527	50.41506
0.395675	2214.098	41.65798	41.88872
0.387209	2261.889	105.3465	105.437
0.597411	3748.314	82.21065	82.35603
0.305383	1643.941	44.96351	45.15202
0.759493	4759.958	77.47403	77.64918
0.558355	3385.539	73.72888	73.88522
0.7466	4827.897	79.68899	79.85776
0.412829	2370.544	43.68818	43.91304
0.955542	6499.752	110.5162	110.6543
1.06838	7591.032	379.2722	379.3147
1.435968	10304.15	307.4039	307.4639
0.815707	5164.389	190.8981	190.9719
0.577946	3567.347	47.99912	48.24336
0.744173	5345.926	258.2325	258.2846
0.087075	409.1937	0.9604393	3.467266
0.524921	3092.547	60.02092	60.20667
0.433396	2449.792	34.99359	35.28099
0.136115	671.8829	4.365837	5.612975
1.34644	9373.85	330.4189	330.4732
1.009379	6788.621	119.9626	120.0934
0.950542	6217.091	322.7078	322.755
0.954047	6274.097	141.409	141.5169
0.183506	921.671	6.120288	7.155234
3.539535	32669.12	2032.413	2032.426
1.669337	11548.82	498.3535	498.3929
0.942665	6147.762	247.6015	247.6628
0.538091	3169.89	52.93758	53.15088
0.339533	1866.007	14.27389	14.88662
1.239454	8761.847	293.7325	293.7914
0.790717	4950.023	208.2903	208.3569
0.100676	479.9968	2.733791	4.352732
0.754875	4627.997	120.4036	120.516
0.287083	1517.717	10.40847	11.17348
1.168847	8017.904	216.8611	216.9387
1.497939	10868.93	563.455	563.4884
1.086446	7607.849	330.4055	330.4547
2.402077	18714.63	1271.25	1271.268
0.914714	6176.879	103.3436	103.4881
0.676746	4158.682	115.6152	115.7257
0.292317	1585.585	18.11952	18.57321
0.541232	3282.203	105.7124	105.8197
0.291021	1548.904	13.98691	14.5687
0.427993	2421.339	61.38959	61.55281
0.058898	271.8377	0.9680445	3.356333
0.256763	1306.753	51.09833	51.25182
0.485607	2842.278	78.91687	79.05254
0.264173	1405.146	35.21565	35.44078
1.35248	9824.78	287.9536	288.016
0.712312	4334.225	184.2504	184.3217
0.963813	6514.034	206.7619	206.8361
0.028226	128.0465	0.1419583	3.084258
0.453605	2695.855	76.31157	76.44696
0.976858	6635.62	106.0954	106.2409
0.900033	6086.52	278.522	278.5753
1.149811	8169.326	282.633	282.6921
0.475141	2736.922	58.31193	58.49333
1.717089	12390.61	452.6425	452.6864
0.573219	3444.688	72.2046	72.36648
0.594481	3480.975	96.0229	96.14707
0.513423	3063.024	65.55705	65.72518
0.362017	1982.552	22.89753	23.29667
2.381935	21135.24	880.0715	880.097
1.456479	10479.88	549.5743	549.6081
0.105362	506.1131	1.221058	3.618322
1.343016	9476.92	382.6905	382.7373
0.858221	5546.403	350.025	350.0664
1.746852	13911.18	421.4692	421.5167
0.207169	1051.139	11.80257	12.39684
0.296478	1550.149	32.62769	32.88346
0.389579	2165.378	19.7362	20.21494
0.593126	3672.17	76.14432	76.30066
1.30747	9009.489	338.6686	338.7209
0.794398	5131.945	149.1779	149.2711
0.276993	1443.155	18.1071	18.55026
0.702872	4427.096	84.9533	85.10669
0.142219	693.8294	4.171301	5.478317
0.520982	3119.926	40.71589	40.98814
0.585288	3434.425	64.07605	64.26045
1.133216	8519.437	348.1157	348.1633
1.549257	12123.57	471.1104	471.1508
0.882488	5720.651	122.891	123.0104
1.139629	8251.719	314.1502	314.2032
1.845599	15055.83	690.9984	691.028
0.444933	2513.033	49.13929	49.34717
0.494312	2899.224	37.92402	38.20818
0.199151	1014.21	5.196525	6.416225
0.694971	4505.268	129.7644	129.8642
0.595242	3578.56	109.3974	109.5065
1.270894	9705.544	228.7075	228.784
1.350341	9750.269	233.1004	233.1776
0.151322	748.4643	2.143953	4.178268
0.968894	6648.237	120.9383	121.0654
0.41075	2349.33	31.65132	31.96019
1.030379	7144.771	454.2022	454.2371
1.054411	7072.66	224.091	224.1626
0.846701	5402.102	120.3173	120.4366
0.416785	2388.393	36.9828	37.24946
0.286458	1509.522	25.88985	26.20645
0.249114	1291.392	10.64036	11.34566
0.451158	2524.707	70.06755	70.21456
0.867438	5773.929	101.326	101.4695
0.613079	3824.104	161.1866	161.2618
0.295226	1579.52	22.52605	22.89424
1.022852	7043.625	224.0322	224.1027
0.433651	2507.563	40.34979	40.59937
0.817401	5302.522	99.42365	99.56551
1.066193	8435.579	452.9785	453.0141
0.820573	5220.516	364.6121	364.6508
0.128864	611.3033	12.58497	13.06245
0.147383	717.9027	3.095102	4.725807
0.711723	4436.368	121.4013	121.5094
0.448623	2664.983	36.84508	37.12306
1.138223	7180.325	380.7817	380.8254
0.858747	5544.006	305.0766	305.1241
0.597403	3701.668	66.05156	66.23242
1.152809	7919.406	626.6455	626.6722
1.187929	8101.529	190.5661	190.6551
0.599877	3591.723	118.9566	119.0573
0.268936	1403.917	9.927403	10.70449
1.621723	11085.8	915.8242	915.8455
0.322825	1737.888	17.28966	17.78683
0.362051	1977.395	25.66748	26.02419
1.5885	11365.45	383.0358	383.0861
1.601311	12266.74	489.1998	489.2393
1.67538	12578.55	677.6046	677.6336
0.351225	1975.912	25.64916	26.00085
0.311836	1665.981	30.93898	31.215
0.710947	4365.28	107.0411	107.1636
0.497963	2902.201	26.84906	27.25051
0.198018	1018.272	9.763404	10.46219
0.900138	6312.605	418.9646	419.
1.542578	12626.72	560.4551	560.4891
0.284934	1516.303	21.60584	21.98332
0.996003	6721.034	381.4063	381.4472
0.364249	1947.845	47.02703	47.22325
0.547836	3299.765	99.10991	99.22509
0.568199	3645.957	116.9937	117.0932
1.626427	12259.61	337.1238	337.1815
1.072467	7363.892	331.8428	331.8915
0.79592	5074.452	114.3037	114.4254
0.638792	4012.098	61.4867	61.68799
3.46283	33263.3	1735.963	1735.978
1.265492	9305.476	624.5019	624.5298
0.153099	753.8646	6.551141	7.471777
0.396385	2199.945	15.47342	16.08482
0.129445	624.2585	2.416024	4.254322
0.24606	1258.871	7.969024	8.884299
1.206067	7908.894	617.1171	617.1448
0.551913	3216.314	95.19211	95.3125
0.154196	761.3787	3.596665	5.086846
1.375686	9834.591	693.5647	693.5909
0.814124	5077.053	185.6666	185.7425
0.37471	2087.958	28.75865	29.08291
0.862952	6276.624	296.6595	296.7084
1.150457	8115.929	277.4136	277.4738
0.372049	2048.512	33.04712	33.3287
0.402424	2208.966	18.46285	18.98211
0.700828	4499.491	114.3165	114.4304
0.555684	3374.064	84.47043	84.60658
1.006403	7210.173	328.524	328.5718
1.040812	6881.685	513.973	514.004
0.665471	4147.731	128.8762	128.9744
0.519777	3032.249	83.81451	83.94694
1.471133	10674.29	486.2657	486.3041
0.950456	6311.412	132.7232	132.838
0.879919	5540.905	272.4589	272.5127
0.309774	1644.357	14.52969	15.10674
0.744057	4837.912	130.5426	130.6455
0.214855	1096.877	6.519932	7.556321
0.709753	4380.902	73.1535	73.33249
1.139686	8082.842	229.8502	229.9226
0.969305	6271.424	264.5117	264.5699
0.270091	1423.036	9.971891	10.74718
0.280425	1484.85	25.54849	25.86622
0.233595	1220.853	8.505736	9.350922
0.433727	2469.732	30.71847	31.0456
0.519953	3027.555	84.97884	85.10948
0.680298	4379.747	85.16992	85.32029
0.715397	4356.641	93.60745	93.74798
0.605729	3756.702	90.21152	90.34501
0.446479	2545.902	35.83921	36.12423
0.778685	5113.946	141.9029	141.9999
0.409697	2283.984	27.76552	28.11664
0.180122	896.0341	3.763145	5.273391
0.292629	1532.186	13.83351	14.42295
0.482052	2759.732	32.2863	32.61525
0.764391	4581.543	186.0227	186.0959
3.040576	26403.33	1764.528	1764.542
0.330876	1825.199	36.96488	37.2028
0.661358	4252.136	97.14671	97.27661
1.940464	14167.8	725.9782	726.007
0.221383	1126.775	8.445713	9.278706
0.562967	3226.94	68.64175	68.81038
0.368051	1977.047	45.18682	45.39205
0.348157	1875.783	19.08046	19.54868
0.765144	5129.516	163.6159	163.6992
0.490649	2869.462	30.62486	30.9747
0.584898	3482.754	64.08826	64.27255
0.21852	1140.259	13.35937	13.8982
1.046738	7378.923	182.0972	182.1849
0.803276	5141.183	157.0265	157.1155
0.164437	813.2077	4.32823	5.652735
0.198366	1003.343	3.898967	5.41708
0.249987	1303.556	7.503755	8.475637
0.352143	1953.513	32.19807	32.47929
0.563524	3429.985	117.832	117.9304
1.138486	7561.063	284.441	284.4995
2.495512	17500.95	1420.614	1420.63
0.580543	3548.576	47.0837	47.33325
1.061923	7314.87	223.6082	223.6802
1.311782	9099.1	405.4896	405.5334
0.12124	588.2538	7.17486	7.969669
0.313159	1670.442	18.3899	18.85147
0.673125	4176.709	83.28445	83.43737
1.070168	7691.416	168.9776	169.0731
0.313038	1685.967	18.42924	18.88977
0.090405	433.6792	1.234903	3.565925
0.27809	1481.006	16.37705	16.8666
1.325569	9147.979	510.34	510.3749
0.893362	6081.394	239.9839	240.0454
1.342229	9674.592	268.2647	268.3315
2.095616	18099.85	684.8614	684.8927
0.154461	758.8564	2.628059	4.455777
0.139801	684.5712	2.287774	4.216618
0.783128	5069.319	92.15936	92.30902
0.405203	2221.713	51.0675	51.25818
0.230204	1207.697	17.09356	17.52686
1.187387	8327.593	191.0406	191.1294
0.527826	3122.667	64.38354	64.55725
0.814791	5446.586	80.5807	80.75538
0.507741	2954.314	72.4116	72.56296
0.232051	1212.337	30.57678	30.82191
0.241156	1258.848	14.38174	14.90399
0.474437	2707.227	36.6496	36.93731
1.060516	7797.849	415.7959	415.8346
0.613675	4041.986	156.0704	156.1481
0.274603	1449.906	11.61291	12.28991
2.076248	18120.63	724.3861	724.4156
0.929834	6296.589	136.6428	136.7531
0.447453	2539.119	34.28212	34.58031
0.414992	2284.85	34.81432	35.09684
1.538019	11204.92	470.3799	470.4203
0.962358	6499.007	136.3368	136.4493
0.330111	1789.268	20.0441	20.47907
0.163728	815.0754	5.160703	6.311365
0.843775	5521.123	101.8391	101.9799
0.093577	453.2088	5.747654	6.656829
0.962811	6695.046	164.5463	164.6395
0.813289	5037.169	167.5075	167.5915
0.255353	1330.149	8.92962	9.767853
1.636616	12283.66	387.101	387.1514
0.829975	5629.065	121.9166	122.0332
0.947008	6483.706	147.3839	147.487
0.322918	1737.138	14.14985	14.7533
0.349471	1924.399	11.66518	12.4176
0.91779	5974.253	273.6418	273.6965
0.194586	981.4556	3.780879	5.3231
0.725555	4765.694	201.8819	201.9476
0.520692	3081.371	54.19194	54.39673
0.473322	2711.168	67.08508	67.2425
0.130862	635.6392	2.449597	4.278022
0.510764	2998.492	52.05102	52.26203
0.823058	5713.32	211.4263	211.4933
0.451713	2629.198	96.30687	96.41395
0.34877	1857.868	27.02566	27.35853
0.77707	5214.273	288.0984	288.1461
0.234409	1208.157	10.22509	10.93922
0.814911	5211.308	97.79032	97.93432
0.426022	2436.84	130.7687	130.8453
0.434728	2473.376	28.65337	29.00422