0.199151	1009.36	5.196525	6.416225
0.133194	661.0309	3.035028	4.645027
0.613079	3553.574	161.1866	161.2618
2.334521	18187.32	874.2138	874.2394
0.411939	2313.841	44.92367	45.14213
1.003293	7094.287	267.2914	267.3499
0.777591	4981.509	145.2083	145.303
2.877768	25016.46	1453.648	1453.664
0.976858	6632.631	106.0954	106.2409
1.093055	7903.769	320.0722	320.1232
0.058107	268.0037	0.5151281	3.2514
0.151322	736.9153	2.143953	4.178268
0.783128	5014.927	92.15936	92.30902
0.285432	1528.065	16.82273	17.30524
1.493191	11932.53	520.3987	520.4348
0.163728	815.5565	5.160703	6.311365
1.325775	10237.21	399.985	400.0296
0.790591	5055.16	187.9868	188.0606
1.054411	7246.115	224.091	224.1626
0.0487	225.9001	0.9190027	3.300606
1.17226	8776.757	265.5891	265.6525
2.094956	16307.71	1005.345	1005.367
0.541232	3002.981	105.7124	105.8197
0.130862	633.5867	2.449597	4.278022
1.330846	9701.778	732.1199	732.1443
0.520692	3073.12	54.19194	54.39673
0.349235	1925.07	27.99547	28.31715
0.429697	2393.015	55.04957	55.2319
0.744057	4348.797	130.5426	130.6455
0.520982	3053.973	40.71589	40.98814
0.330876	1796.666	36.96488	37.2028
0.372049	2097.239	33.04712	33.3287
0.255353	1323.607	8.92962	9.767853
0.405203	2319.542	51.0675	51.25818
0.082805	391.1688	1.366619	3.584696
0.594915	3709.855	90.02586	90.15835
0.450215	2494.053	94.65491	94.76366
0.819224	5798.673	339.3292	339.3708
0.580543	3556.649	47.0837	47.33325
0.884274	6385.946	343.9171	343.9598
0.242132	1244.812	8.697399	9.537575
0.232051	1157.467	30.57678	30.82191
0.759493	4836.938	77.47403	77.64918
1.45568	10591.97	292.5667	292.6302
0.564552	3373.023	45.24246	45.49829
0.539324	3228.487	52.04182	52.25904
0.428237	2449.445	76.45572	76.58687
0.485607	2716.485	78.91687	79.05254
0.971236	6548.192	143.5247	143.632
1.342229	9986.507	268.2647	268.3315
0.627339	3873.273	94.50476	94.63459
0.501607	3054.612	52.45941	52.6668
0.584898	3519.911	64.08826	64.27255
0.194586	973.7733	3.780879	5.3231
0.113012	552.3802	1.586785	3.785382
1.152809	7074.409	626.6455	626.6722
0.723764	4506.9	99.03488	99.16853
0.268936	1403.52	9.927403	10.70449
0.765102	4811.33	165.6964	165.7786
0.862952	6045.166	296.6595	296.7084
0.338541	1858.53	35.3791	35.63036
0.41924	2347.932	24.92664	25.32177
0.100676	479.7252	2.733791	4.352732
0.680298	4197.497	85.16992	85.32029
0.562967	3320.851	68.64175	68.81038
0.872155	5893.088	174.9661	175.0495
1.312978	9737.455	396.3967	396.4415
0.311837	1667.317	28.64244	28.94037
0.713175	4447.469	91.56354	91.70696
0.27809	1482.699	16.37705	16.8666
1.086446	7717.125	330.4055	330.4547
0.936113	6004.947	448.3349	448.3686
0.433396	2462.513	34.99359	35.28099
0.700828	4334.254	114.3165	114.4304
0.968894	6568.466	120.9383	121.0654
0.90419	6046.955	191.1686	191.2463
0.549532	3348.577	72.81126	72.96823
2.095616	17898.47	684.8614	684.8927
4.241808	36805.14	2098.982	2098.995
0.143601	706.2719	5.437595	6.497499
0.739431	4496.109	102.1027	102.2338
0.444933	2510.627	49.13929	49.34717
0.396776	2208.977	45.93773	46.14737
0.464977	2734.579	38.01195	38.28652
0.204956	1058.776	6.077162	7.159125
0.425591	2461.632	28.75433	29.10018
0.597751	3640.513	47.08638	47.33983
0.476501	2842.863	66.08784	66.24819
0.210308	1077.284	9.22812	9.981182
0.230204	1179.384	17.09356	17.52686
0.305383	1551.054	44.96351	45.15202
1.5885	11244.22	383.0358	383.0861
1.852166	13956.02	375.6971	375.7516
0.142219	703.2715	4.171301	5.478317
1.046738	7189.696	182.0972	182.1849
0.710947	4504.762	107.0411	107.1636
0.205777	1045.984	19.13819	19.50932
1.270894	9225.812	228.7075	228.784
0.439322	2519.856	33.90647	34.20509
0.900138	6154.104	418.9646	419.
0.494312	2954.808	37.92402	38.20818
0.98631	6725.445	159.696	159.7931
0.737501	4419.297	192.1548	192.2244
0.727113	4501.189	75.29636	75.4725
0.31375	1606.706	32.33407	32.59903
0.396385	2215.538	15.47342	16.08482
1.497939	10872.53	563.455	563.4884
2.972647	27073.01	1242.729	1242.749
1.031545	7163.015	122.0299	122.1598
0.605729	3637.127	90.21152	90.34501
0.948998	6284.117	130.1538	130.2708
1.746852	13290.42	421.4692	421.5167
0.752473	4909.708	114.2333	114.3515
0.962811	6747.632	164.5463	164.6395
0.613416	3674.426	98.44787	98.57103
1.169134	8668.104	308.0978	308.1525
0.764391	4748.238	186.0227	186.0959
0.962358	6423.112	136.3368	136.4493
0.858221	5286.793	350.025	350.0664
0.60547	3704.439	52.20739	52.43766
0.276993	1479.226	18.1071	18.55026
0.954047	6782.127	141.409	141.5169
0.88039	5917.56	107.6134	107.7495
0.257027	1356.109	8.145158	9.058747
2.390699	20756.64	1171.453	1171.473
1.549257	11651.29	471.1104	471.1508
0.284168	1498.748	12.13788	12.79696
0.563524	3365.53	117.832	117.9304
0.564177	3469.656	65.83003	66.00605
1.043588	7409.964	160.0768	160.1764
0.328125	1784.95	17.2773	17.77865
0.981728	6678.779	206.2973	206.3723
1.082575	7581.454	436.549	436.5862
0.136115	667.3982	4.365837	5.612975
0.77707	4915.955	288.0984	288.1461
0.305083	1657.282	15.97634	16.4992
0.286458	1534.824	25.88985	26.20645
0.820573	5679.543	364.6121	364.6508
1.040812	7151.55	513.973	514.004
0.246268	1266.322	6.015785	7.184751
0.359777	2010.319	39.08292	39.31737
1.072467	6983.957	331.8428	331.8915
0.950456	6688.298	132.7232	132.838
1.187929	8287.139	190.5661	190.6551
0.879919	5275.47	272.4589	272.5127
0.446291	2593.44	41.60212	41.84786
0.040831	185.1856	0.268219	3.147533
0.330774	1816.363	31.64447	31.92203
0.561753	3349.308	57.30728	57.50893
1.014907	7116.43	226.0628	226.1324
0.234409	1205.55	10.22509	10.93922
0.280425	1468.909	25.54849	25.86622
0.568199	3254.57	116.9937	117.0932
0.945582	6292.413	165.6964	165.7881
0.787437	5351.674	112.7065	112.8292
0.234255	1201.697	5.204524	6.495918
0.208818	1076.121	12.9556	13.50085
1.060516	7759.883	415.7959	415.8346
0.185513	928.4176	7.173594	8.078024
0.40175	2246.469	22.1688	22.60271
0.572075	3339.118	88.96657	89.09786
0.272306	1428.349	10.67513	11.40526
1.535975	12095.3	543.5742	543.6092
1.538019	11030.75	470.3799	470.4203
1.382093	10368.09	684.9367	684.9632
0.448623	2617.203	36.84508	37.12306
1.144393	8259.839	358.369	358.4155
0.474437	2770.921	36.6496	36.93731
0.39908	2213.119	21.80176	22.24136
0.883044	5909.41	106.1669	106.3051
0.320902	1736.196	15.43019	15.98376
0.432993	2450.14	24.43412	24.84379
0.790717	4969.479	208.2903	208.3569
0.7466	4813.667	79.68899	79.85776
0.594481	3491.34	96.0229	96.14707
0.409697	2328.371	27.76552	28.11664
0.490649	2845.718	30.62486	30.9747
0.673125	4146.663	83.28445	83.43737
0.79592	5240.977	114.3037	114.4254
0.439395	2531.412	24.87711	25.28265
1.710576	13138.5	567.3375	567.3725
1.102645	8006.862	474.3234	474.358
0.028226	135.3364	0.1419583	3.084258
1.061185	7410.525	232.2976	232.3669
0.477464	2808.849	41.14361	41.40096
0.541902	3269.599	43.8724	44.13051
0.642095	3925.598	57.35855	57.57487
1.062246	7113.321	233.9681	234.0369
0.765392	4875.383	193.0419	193.1125
0.372901	2028.454	34.59234	34.86174
0.34636	1862.982	24.6609	25.02402
1.67538	12324.27	677.6046	677.6336
0.143704	696.9202	4.857455	6.020609
0.896416	5776.681	177.3025	177.3859
0.778685	4932.421	141.9029	141.9999
0.434728	2474.897	28.65337	29.00422
0.858747	5617.712	305.0766	305.1241
0.645446	4093.972	102.4539	102.5755
0.279579	1488.933	18.89069	19.31765
2.076248	17030.75	724.3861	724.4156